model,fs_method,k,accuracy
lr,nofs,30,0.9630957925787922,0.9627991121705142,0.9640362295654772,0.9630957925787922,0.9927528565016281
nb,nofs,30,0.927930445582984,0.9277690434964605,0.9294208711575942,0.927930445582984,0.9839225707388171
knn,nofs,30,0.9666200900481291,0.9664490857710893,0.9674931735661685,0.9666200900481291,0.9871674491392801
rf,nofs,30,0.9596025461884802,0.9594399511092118,0.9604717011251142,0.9596025461884802,0.9904707421965038
dt,nofs,30,0.912125446359261,0.9122638204076703,0.9146789532762005,0.912125446359261,0.9087818903082578
gb,nofs,30,0.9578636857630801,0.9577957957971261,0.9585247914085067,0.9578636857630801,0.9911091874242872
ab,nofs,30,0.9613414066138798,0.9612138540082885,0.9615378175412592,0.9613414066138798,0.9897237646377837
svc,nofs,30,0.9754075454122031,0.9752990598928026,0.9757116523397471,0.9754075454122031,0.9938712160993524
ri,nofs,30,0.9718987734823784,0.971764675008681,0.9723511795238255,0.9718987734823784,0.99162606994248
xgb,nofs,30,0.9771619313771154,0.9770929468233807,0.9775067430304588,0.9771619313771154,0.9938884816218586
lr,chi,1,0.8910883403198261,0.8885089889245437,0.8952613113496122,0.8910883403198261,0.9633718330655767
nb,chi,1,0.9104021114733737,0.9098583281895417,0.9124308711212787,0.9104021114733737,0.9632408143954164
knn,chi,1,0.9050923769600994,0.9051466719551999,0.9075383261000523,0.9050923769600994,0.9294107236008644
rf,chi,1,0.8558919422449929,0.8553291058003131,0.8577331044059212,0.8558919422449929,0.9244176839677166
dt,chi,1,0.8523676447756559,0.8516993795125394,0.8537787039383824,0.8523676447756559,0.842647757778367
gb,chi,1,0.8717124670082285,0.8708993006701942,0.8734458795862275,0.8717124670082285,0.9491577912782466
ab,chi,1,0.9050768514205869,0.9052922262330313,0.907475871108357,0.9050768514205869,0.9578751795874298
svc,chi,1,0.9016301816488124,0.9003770657046101,0.9036447311496862,0.9016301816488124,0.9633392300400161
ri,chi,1,0.906893339543549,0.9061988217764533,0.9089721460437863,0.906893339543549,0.9633718330655767
xgb,chi,1,0.8822543083372146,0.8821085490015987,0.8842557661643001,0.8822543083372146,0.9506645384798021
lr,chi,2,0.9227293898462972,0.9216318498236751,0.9273666916702107,0.9227293898462972,0.9705329522353761
nb,chi,2,0.912156497438286,0.9122042064855291,0.9142903370757711,0.912156497438286,0.9702731461984655
knn,chi,2,0.9033845676137245,0.9027284031403177,0.9055477471999117,0.9033845676137245,0.9345454834952868
rf,chi,2,0.8981058841794752,0.8970385837207727,0.903714431453527,0.8981058841794752,0.9460778018671891
dt,chi,2,0.876960099363453,0.8761231451725469,0.8793755435563042,0.876960099363453,0.8626336832363691
gb,chi,2,0.903369042074212,0.9022476907542281,0.9084041301677634,0.903369042074212,0.9593761535622001
ab,chi,2,0.912187548517311,0.9113353324411877,0.9160154074833832,0.912187548517311,0.966333801690418
svc,chi,2,0.9227449153858096,0.9217103715046553,0.9268904168114224,0.9227449153858096,0.9701373833006652
ri,chi,2,0.9192206179164725,0.9183476147057552,0.9225650792898588,0.9192206179164725,0.970003548422317
xgb,chi,2,0.8857786058065518,0.8850170342117206,0.890980359816216,0.8857786058065518,0.9492019840836579
lr,chi,3,0.9244837758112094,0.923350449015793,0.9286161488042268,0.9244837758112094,0.9666572432008069
nb,chi,3,0.915680794907623,0.9153307010054486,0.9184580860802625,0.915680794907623,0.962188808995229
knn,chi,3,0.9139264089427106,0.9134703997477314,0.9156415199629455,0.9139264089427106,0.9496888848162186
rf,chi,3,0.908663251047974,0.9078268039412262,0.9130259563138319,0.908663251047974,0.9560970149059733
dt,chi,3,0.8594628163328675,0.8585550227120926,0.860011633422942,0.8594628163328675,0.845765289410884
gb,chi,3,0.9121409718987733,0.9112037657006062,0.9161312408328637,0.9121409718987733,0.9609218727524492
ab,chi,3,0.9139419344822233,0.9131788622121395,0.9175982564346532,0.9139419344822233,0.9670870507281414
svc,chi,3,0.9244993013507219,0.923532566879761,0.9275324451901085,0.9244993013507219,0.9677752778514325
ri,chi,3,0.9174507064120478,0.9166000712799945,0.9208077586193071,0.9174507064120478,0.9703367275140942
xgb,chi,3,0.8945505356311131,0.8937777356666994,0.897867704550934,0.8945505356311131,0.960068377534804
lr,chi,4,0.9332712311752832,0.9325618682762936,0.9361343778165235,0.9332712311752832,0.976973360403593
nb,chi,4,0.9349945660611706,0.9348587357404325,0.936344770954582,0.9349945660611706,0.9775851708008603
knn,chi,4,0.9385343890700202,0.938513116856722,0.939837125116264,0.9385343890700202,0.9722919667011544
rf,chi,4,0.947290793355069,0.9473109714798985,0.9479340035936346,0.947290793355069,0.9846925003942693
dt,chi,4,0.9191274646793977,0.9191517133903636,0.9200666229072624,0.9191274646793977,0.9134952479736299
gb,chi,4,0.943766495885732,0.9437021035093514,0.9445012990314273,0.943766495885732,0.9842138099917331
ab,chi,4,0.9543238627542306,0.954247853775431,0.9549307193908355,0.9543238627542306,0.9846713680012893
svc,chi,4,0.9385188635305075,0.9379653589486315,0.9414009448970264,0.9385188635305075,0.9798801855057997
ri,chi,4,0.9332401800962582,0.9327476923405118,0.9358245757046122,0.9332401800962582,0.980194604318417
xgb,chi,4,0.9437820214252446,0.9436778723496747,0.9450186953093951,0.9437820214252446,0.9847139685659174
lr,chi,5,0.9385188635305077,0.9379906186019058,0.9409980149174373,0.9385188635305077,0.9817369115641306
nb,chi,5,0.9455519329296692,0.9454581977854627,0.9468576456800548,0.9455519329296692,0.9807536649700095
knn,chi,5,0.9402732494954199,0.940222111742011,0.9415463277278626,0.9402732494954199,0.9749627393993592
rf,chi,5,0.9455208818506442,0.9455000319580387,0.945877771921493,0.9455208818506442,0.9840073061105652
dt,chi,5,0.9174196553330228,0.9172911404376055,0.9192467973092873,0.9174196553330228,0.9111892283936175
gb,chi,5,0.9402577239559076,0.9402234438401083,0.9412066742059727,0.9402577239559076,0.9843092036283159
ab,chi,5,0.9473063188945815,0.9472263624503015,0.9478999930122832,0.9473063188945815,0.9836470155991938
svc,chi,5,0.9437820214252446,0.9434273110390159,0.9455776688738226,0.9437820214252446,0.9843782332236313
ri,chi,5,0.9367489520260829,0.9362835852907191,0.9388907389720138,0.9367489520260829,0.9829082592020685
xgb,chi,5,0.9455208818506444,0.9455170406267877,0.9464602455739481,0.9455208818506444,0.9817207941880396
lr,chi,6,0.9437820214252446,0.9432214542217798,0.9458296744859391,0.9437820214252446,0.9848430375534862
nb,chi,6,0.9437975469647568,0.9437177353767716,0.9448569905297781,0.9437975469647568,0.9833232383101365
knn,chi,6,0.9437975469647568,0.9437092256144073,0.9445426561176159,0.9437975469647568,0.9786101189393033
rf,chi,6,0.9508150908244062,0.9507203246284741,0.951381643999655,0.9508150908244062,0.9837151570057727
dt,chi,6,0.924437199192672,0.9243940593237691,0.9249860700621036,0.924437199192672,0.918807158194646
gb,chi,6,0.9490451793199813,0.9490486048275297,0.9499791279731283,0.9490451793199813,0.9834185561257293
ab,chi,6,0.9437820214252446,0.9436922540046406,0.9444199943948007,0.9437820214252446,0.9828624633243042
svc,chi,6,0.9419965843813072,0.9417215518782003,0.9437730081025331,0.9419965843813072,0.9861623011107126
ri,chi,6,0.9402577239559073,0.9398076420485261,0.9420524424324046,0.9402577239559073,0.9850925752620807
xgb,chi,6,0.9437820214252446,0.943742162654013,0.9450500367525789,0.9437820214252446,0.9800305276967578
lr,chi,7,0.9420276354603322,0.9414564188274749,0.9437272374804548,0.9420276354603322,0.9837907938587598
nb,chi,7,0.9473218444340941,0.9472449168137785,0.9482268514566984,0.9473218444340941,0.9813192462267143
knn,chi,7,0.9332712311752832,0.9333766905269201,0.9342126771787754,0.9332712311752832,0.9723913246923402
rf,chi,7,0.9490607048594939,0.9490398549668881,0.9494175949303425,0.9490607048594939,0.9847586054656968
dt,chi,7,0.9261760596180716,0.9259940692230442,0.9263636462082848,0.9261760596180716,0.9192951637473419
gb,chi,7,0.9420431609998448,0.9418614703791641,0.9422124514975859,0.9420431609998448,0.9824670893578524
ab,chi,7,0.9473063188945815,0.9472873818124246,0.9476425703266491,0.9473063188945815,0.9842724737746028
svc,chi,7,0.9367334264865704,0.9365263196086403,0.9381648360465853,0.9367334264865704,0.9847123005041446
ri,chi,7,0.9367644775655954,0.9362915494813381,0.9387509569838806,0.9367644775655954,0.9841716535214733
xgb,chi,7,0.9420431609998448,0.9417939023347373,0.9426490915420633,0.9420431609998448,0.9809910713202556
lr,chi,8,0.9420276354603322,0.9414564188274749,0.9437272374804548,0.9420276354603322,0.9843198727247204
nb,chi,8,0.9402887750349326,0.9403319214510437,0.9411033442424095,0.9402887750349326,0.9815784456957074
knn,chi,8,0.935010091600683,0.9350432666530818,0.9362114544554263,0.935010091600683,0.9743759607602549
rf,chi,8,0.9473063188945815,0.9471389717652876,0.9479035267214936,0.9473063188945815,0.9831619237388154
dt,chi,8,0.9244527247321844,0.9243039385435099,0.9249288517763823,0.9244527247321844,0.9168425930258554
gb,chi,8,0.9402887750349326,0.9401495603767186,0.9405719866992264,0.9402887750349326,0.9826355094390633
ab,chi,8,0.9473063188945815,0.9472873818124246,0.9476425703266491,0.9473063188945815,0.9840772022314767
svc,chi,8,0.934979040521658,0.9347373328635168,0.9362007862517372,0.934979040521658,0.9853037692130387
ri,chi,8,0.9367644775655954,0.9362915494813381,0.9387509569838806,0.9367644775655954,0.9840400066202555
xgb,chi,8,0.94027324949542,0.9401278299787197,0.94097576702996,0.94027324949542,0.980263189819364
lr,chi,9,0.9402732494954199,0.9395399895209527,0.942692898651672,0.9402732494954199,0.9843161033383765
nb,chi,9,0.9402887750349324,0.9402863541793675,0.9410768282625701,0.9402887750349324,0.9811756845985474
knn,chi,9,0.935010091600683,0.935005211145685,0.9357036591299913,0.935010091600683,0.9753146137808766
rf,chi,9,0.9473063188945815,0.9470861191171049,0.9477434844147986,0.9473063188945815,0.9848929061015534
dt,chi,9,0.9192206179164726,0.9192358392765483,0.920465749742658,0.9192206179164726,0.9137233608368558
gb,chi,9,0.9402887750349326,0.9400383411806302,0.9406027964557978,0.9402887750349326,0.9813000851794662
ab,chi,9,0.9473063188945815,0.9472873818124246,0.9476425703266491,0.9473063188945815,0.984600020450004
svc,chi,9,0.9367489520260829,0.9364274550512842,0.9379857161852847,0.9367489520260829,0.985693380784275
ri,chi,9,0.935010091600683,0.9345489177407362,0.9366333022346469,0.935010091600683,0.9841055159553358
xgb,chi,9,0.9420276354603322,0.9419079162875242,0.9424999179400183,0.9420276354603322,0.981020294895991
lr,chi,10,0.9367489520260829,0.9361380392255543,0.9390291157139924,0.9367489520260829,0.9843164066223352
nb,chi,10,0.9420276354603322,0.9419863437311232,0.9433475623564771,0.9420276354603322,0.9811120382934991
knn,chi,10,0.9315013196708584,0.9314849628497669,0.9318635952861584,0.9315013196708584,0.9756211147158576
rf,chi,10,0.9437975469647568,0.9436653518546759,0.9444651262272105,0.9437975469647568,0.9856812277627869
dt,chi,10,0.9209594783418724,0.9208798772690814,0.921196669498166,0.9209594783418724,0.9139898824471377
gb,chi,10,0.9367644775655954,0.936522904431986,0.9368348074588833,0.9367644775655954,0.9816534976439169
ab,chi,10,0.9473063188945815,0.9472873818124246,0.9476425703266491,0.9473063188945815,0.9846655297850843
svc,chi,10,0.9402732494954199,0.9400060175188487,0.9415607082737502,0.9402732494954199,0.9854300869818393
ri,chi,10,0.9332401800962584,0.9327955803772335,0.9347294968467829,0.9332401800962584,0.9839744972851754
xgb,chi,10,0.9420276354603322,0.941792790506458,0.9424670198983283,0.9420276354603322,0.9815733765209689
lr,chi,11,0.9332401800962584,0.9325686389436456,0.9345344550404823,0.9332401800962584,0.984047177119565
nb,chi,11,0.9402732494954199,0.9403207945982214,0.9412186812890987,0.9402732494954199,0.980060162872151
knn,chi,11,0.9367800031051079,0.9364991115563788,0.9373536946803803,0.9367800031051079,0.968131993944719
rf,chi,11,0.9525539512498058,0.9522707487828219,0.9529661817006184,0.9525539512498058,0.9861063885466113
dt,chi,11,0.9192050923769601,0.9191500066426567,0.9199175761297788,0.9192050923769601,0.9125814317429123
gb,chi,11,0.9402732494954199,0.9400519614916693,0.9407073584660974,0.9402732494954199,0.9838690086253958
ab,chi,11,0.9508150908244062,0.9507360331278528,0.9512328594432539,0.9508150908244062,0.9869025847592011
svc,chi,11,0.9385033379909953,0.9381747346399105,0.9392965550307497,0.9385033379909953,0.9844421178232183
ri,chi,11,0.935010091600683,0.9346599956480264,0.9367006475024159,0.935010091600683,0.9834457217031733
xgb,chi,11,0.9455364073901569,0.9453590313094906,0.9456573239008275,0.9455364073901569,0.984470539862777
lr,chi,12,0.9367644775655954,0.936134747299486,0.9382214311851749,0.9367644775655954,0.9839155302183471
nb,chi,12,0.9367489520260829,0.9368477920975729,0.938037331830093,0.9367489520260829,0.9792671619726974
knn,chi,12,0.9385343890700202,0.9382094036846036,0.9386639773195725,0.9385343890700202,0.9757714677383855
rf,chi,12,0.9473063188945815,0.9471222709841008,0.947751690697294,0.9473063188945815,0.9857844634560159
dt,chi,12,0.9227138643067846,0.9227341169953975,0.9233927009434655,0.9227138643067846,0.9173237746894806
gb,chi,12,0.9420276354603322,0.9417539135049247,0.9425842826056696,0.9420276354603322,0.9861263619616061
ab,chi,12,0.9507995652848937,0.9506855824073359,0.9511478533841409,0.9507995652848937,0.987536773179993
svc,chi,12,0.9402577239559076,0.9399228748449515,0.9412069390990286,0.9402577239559076,0.9848370585268718
ri,chi,12,0.9402732494954199,0.939914046472256,0.9418193567281806,0.9402732494954199,0.9837845332113264
xgb,chi,12,0.9420276354603322,0.9419856702905909,0.9424043311070793,0.9420276354603322,0.985925219707565
lr,chi,13,0.9367644775655954,0.936134747299486,0.9382214311851749,0.9367644775655954,0.9841120582235879
nb,chi,13,0.9314857941313461,0.9314478937425619,0.9328390315134095,0.9314857941313461,0.981706366536861
knn,chi,13,0.9420431609998448,0.9417744472658253,0.9421585244983302,0.9420431609998448,0.9727608761960219
rf,chi,13,0.9385188635305077,0.9383076846939298,0.938806467994089,0.9385188635305077,0.9873802244994515
dt,chi,13,0.9280235988200589,0.928014990845571,0.9286910579076544,0.9280235988200589,0.9234583209853436
gb,chi,13,0.9332557056357709,0.933209083524775,0.9336347848944702,0.9332557056357709,0.9870884869943174
ab,chi,13,0.9455519329296692,0.9454492879205942,0.9464511289344106,0.9455519329296692,0.9877055398714422
svc,chi,13,0.9385033379909953,0.9382186877447726,0.9395812840523208,0.9385033379909953,0.98543227495897
ri,chi,13,0.9402732494954199,0.939914046472256,0.9418193567281806,0.9402732494954199,0.9834547985587946
xgb,chi,13,0.9385343890700202,0.9384585369639769,0.9391600356581474,0.9385343890700202,0.9897042244855871
lr,chi,14,0.9349945660611706,0.9343814099359833,0.9363176257973109,0.9349945660611706,0.9847731089378648
nb,chi,14,0.9332401800962582,0.9329858033268794,0.934028887238268,0.9332401800962582,0.9828668826048451
knn,chi,14,0.9420431609998448,0.941791851888493,0.942196038932595,0.9420431609998448,0.9803693175417708
rf,chi,14,0.9420431609998449,0.9418115741839707,0.9424232663156772,0.9420431609998449,0.9885250564541426
dt,chi,14,0.9157273715261605,0.9158028940110347,0.9162305071322709,0.9157273715261605,0.9108315266274651
gb,chi,14,0.9367800031051079,0.936712800949534,0.9369447845780066,0.9367800031051079,0.9872875062606473
ab,chi,14,0.9455674584691817,0.945378140442666,0.9471178595961331,0.9455674584691817,0.9880396721413753
svc,chi,14,0.9367489520260829,0.9364274550512842,0.9379857161852847,0.9367489520260829,0.9860240686149627
ri,chi,14,0.9367644775655954,0.9363649710810755,0.9382182486949395,0.9367644775655954,0.9853621080488096
xgb,chi,14,0.9402887750349324,0.940175251621868,0.940809261900957,0.9402887750349324,0.9905309332307368
lr,chi,15,0.9349945660611706,0.9343814099359833,0.9363176257973109,0.9349945660611706,0.9851680496415183
nb,chi,15,0.9297314081664337,0.9292454070827556,0.93082577660634,0.9297314081664337,0.9817809743907026
knn,chi,15,0.9385188635305077,0.9383201764138714,0.9387158153071693,0.9385188635305077,0.9779225308786398
rf,chi,15,0.9437975469647568,0.9435089173925556,0.9441633075709539,0.9437975469647568,0.9875572556787755
dt,chi,15,0.9280080732805465,0.9279626464509321,0.9283568705260713,0.9280080732805465,0.9225020666635471
gb,chi,15,0.935010091600683,0.9349205213664453,0.9351622822397088,0.935010091600683,0.9878431224729946
ab,chi,15,0.9455674584691817,0.945378140442666,0.9471178595961331,0.9455674584691817,0.9879716715452057
svc,chi,15,0.934979040521658,0.9345948326364137,0.9358598598094016,0.934979040521658,0.9862873624173984
ri,chi,15,0.9367644775655954,0.9363649710810755,0.9382182486949395,0.9367644775655954,0.9853627362798669
xgb,chi,15,0.9367800031051079,0.936672578203272,0.9372551416708734,0.9367800031051079,0.9895017391168718
lr,chi,16,0.956078248719143,0.9555728378211581,0.9577734135422734,0.956078248719143,0.9908443338757783
nb,chi,16,0.9297314081664337,0.9292454070827556,0.93082577660634,0.9297314081664337,0.9837275591533698
knn,chi,16,0.9631268436578171,0.9629880878220636,0.9633956932748386,0.9631268436578171,0.9911442817109375
rf,chi,16,0.9561092997981679,0.9559456851109853,0.956457002713177,0.9561092997981679,0.9895275724112114
dt,chi,16,0.9349635149821456,0.9351103771512159,0.9365654282392979,0.9349635149821456,0.9338047665840001
gb,chi,16,0.9596180717279925,0.9595448976494705,0.9600023690688115,0.9596180717279925,0.9912140478530096
ab,chi,16,0.9648812296227295,0.9648757698678014,0.9651903241026923,0.9648812296227295,0.9900254130294254
svc,chi,16,0.9648812296227295,0.9646799563757075,0.9653203020941845,0.9648812296227295,0.9926256072178117
ri,chi,16,0.9543238627542306,0.9541392891748117,0.954659257196585,0.9543238627542306,0.9923551429160666
xgb,chi,16,0.9718987734823784,0.97180786057696,0.9722314559803727,0.9718987734823784,0.9941445615987051
lr,chi,17,0.956078248719143,0.9556624485958476,0.9572261171944229,0.956078248719143,0.9915044097487595
nb,chi,17,0.9314857941313461,0.9310214690106369,0.9327700340957584,0.9314857941313461,0.9845155558675047
knn,chi,17,0.9560627231796305,0.955943726069209,0.9565634996881182,0.9560627231796305,0.9899184946024121
rf,chi,17,0.95960254618848,0.9594821302844038,0.9600500294866785,0.95960254618848,0.9917564712131531
dt,chi,17,0.9315323707498836,0.9317692014620359,0.9335466728806789,0.9315323707498836,0.931157292592766
gb,chi,17,0.956078248719143,0.9560720549358594,0.9563399440742163,0.956078248719143,0.9922029701897864
ab,chi,17,0.9613569321533924,0.9613150254972236,0.9616564623731874,0.9613569321533924,0.9893996407384877
svc,chi,17,0.9648812296227295,0.9646754337871913,0.9654486246640885,0.9648812296227295,0.9926262354488689
ri,chi,17,0.956078248719143,0.9558874293798526,0.9565696412648638,0.956078248719143,0.9923535831699931
xgb,chi,17,0.9701288619779538,0.9701089632223141,0.9704381325929445,0.9701288619779538,0.9942765334470215
lr,chi,18,0.9578326346840551,0.9574615931129365,0.9588455199980362,0.9578326346840551,0.9913072535124614
nb,chi,18,0.9314702685918335,0.9311342833173347,0.9326332084529266,0.9314702685918335,0.9830312300157535
knn,chi,18,0.9525694767893185,0.9523756588581233,0.9529815325697953,0.9525694767893185,0.9902700548684009
rf,chi,18,0.9666200900481291,0.9665166530615574,0.9668970274148674,0.9666200900481291,0.9914536746750962
dt,chi,18,0.9350256171401956,0.9353174840582341,0.9367658426729699,0.9350256171401956,0.9358833881844036
gb,chi,18,0.9596180717279925,0.9596031732605542,0.9598630000939142,0.9596180717279925,0.9927270448704284
ab,chi,18,0.9631113181183046,0.9631023869674182,0.9633165485676697,0.9631113181183046,0.9892679938372699
svc,chi,18,0.9684055270920664,0.9681889467013493,0.9690820928283236,0.9684055270920664,0.9928221352230524
ri,chi,18,0.9560782487191428,0.9558770612274156,0.9563538153648274,0.9560782487191428,0.9924870931012431
xgb,chi,18,0.9736376339077782,0.9735808208101255,0.9742633966408618,0.9736376339077782,0.9947385215686886
lr,chi,19,0.9578326346840551,0.9573425132729556,0.9596670812780463,0.9578326346840551,0.9920952718897365
nb,chi,19,0.9349945660611706,0.9345594144032189,0.9363435833535181,0.9349945660611706,0.9845823216646996
knn,chi,19,0.9665890389691041,0.9664363687285539,0.9670347221987685,0.9665890389691041,0.9885100872244665
rf,chi,19,0.9648967551622419,0.9648478240635677,0.9656258756664664,0.9648967551622419,0.993263651677507
dt,chi,19,0.9279149200434714,0.9281970922639046,0.9302591034875967,0.9279149200434714,0.9272733948913116
gb,chi,19,0.9613724576929048,0.9612983817655738,0.9619089847633839,0.9613724576929048,0.9923661044648597
ab,chi,19,0.9648657040832168,0.9647844984854007,0.9650246157923631,0.9648657040832168,0.989727209077029
svc,chi,19,0.9666200900481291,0.966383579311423,0.9673529704628232,0.9666200900481291,0.99400288466371
ri,chi,19,0.964834653004192,0.9646288071648254,0.9656069410341452,0.964834653004192,0.9925417058769499
xgb,chi,19,0.9736376339077782,0.973584187337081,0.9741381569675098,0.9736376339077782,0.9951874251538516
lr,chi,20,0.9630957925787922,0.962746680352519,0.9643948081525876,0.9630957925787922,0.9922281535899288
nb,chi,20,0.9402577239559073,0.9399310226243827,0.9416992061828251,0.9402577239559073,0.9850093888048359
knn,chi,20,0.9613103555348548,0.9612064063748005,0.9620148320178133,0.9613103555348548,0.9910392154823862
rf,chi,20,0.9631268436578171,0.9630290640724178,0.9634750372593874,0.9631268436578171,0.9903743628870553
dt,chi,20,0.9297158826269213,0.929966152057486,0.9309797436061228,0.9297158826269213,0.9286264746099334
gb,chi,20,0.9613724576929048,0.9612657038675408,0.9621122461300512,0.9613724576929048,0.9926892535228597
ab,chi,20,0.9648657040832168,0.9647844984854007,0.9650246157923631,0.9648657040832168,0.9893328966044328
svc,chi,20,0.9789163173420278,0.9788162084513499,0.9793043802427077,0.9789163173420278,0.9940683723356505
ri,chi,20,0.9648657040832168,0.9647193167625087,0.9655599849905674,0.9648657040832168,0.9922886804028306
xgb,chi,20,0.9701288619779538,0.9700817681306845,0.9706410358201258,0.9701288619779538,0.9940762577185767
lr,chi,21,0.9630957925787922,0.962746680352519,0.9643948081525876,0.9630957925787922,0.992622466062525
nb,chi,21,0.934979040521658,0.9347225674499378,0.9360475269730182,0.934979040521658,0.9836554533921877
knn,chi,21,0.9613258810743673,0.961185838584148,0.9619541242638723,0.9613258810743673,0.991238083106737
rf,chi,21,0.9683744760130415,0.9681877956291365,0.9689671600113158,0.9683744760130415,0.9903679072713629
dt,chi,21,0.9103244837758112,0.9108750054193179,0.9144147730110074,0.9103244837758112,0.9113188172965441
gb,chi,21,0.9578636857630801,0.9577728670326288,0.9583025234742291,0.9578636857630801,0.9914978458173677
ab,chi,21,0.9630957925787922,0.9629908348900733,0.9633056852559854,0.9630957925787922,0.9893282173662129
svc,chi,21,0.9718987734823784,0.9717284382573983,0.9724773931498092,0.9718987734823784,0.9941987627747537
ri,chi,21,0.9683744760130415,0.9682882016486121,0.9687926982943162,0.9683744760130415,0.9929478464239356
xgb,chi,21,0.9718832479428661,0.971883917873171,0.9723946466106561,0.9718832479428661,0.9940076505544896
lr,chi,22,0.9630957925787922,0.962746680352519,0.9643948081525876,0.9630957925787922,0.992622466062525
nb,chi,22,0.9332091290172333,0.9329872163404126,0.93443717315457,0.9332091290172333,0.9829928645949773
knn,chi,22,0.9648657040832169,0.9647173916685714,0.9654780709901241,0.9648657040832169,0.991175519958684
rf,chi,22,0.9648812296227295,0.964729111826579,0.9654204548473893,0.9648812296227295,0.9926007162700579
dt,chi,22,0.9138487812451481,0.9141671330441055,0.9162403628641119,0.9138487812451481,0.9121907153515407
gb,chi,22,0.9596180717279925,0.9595136960474175,0.9600621849064599,0.9596180717279925,0.992358565692172
ab,chi,22,0.9630957925787922,0.9629908348900733,0.9633056852559854,0.9630957925787922,0.9894592360363733
svc,chi,22,0.968390001552554,0.9681620420817121,0.9692467594880292,0.968390001552554,0.9941332534396734
ri,chi,22,0.9683744760130415,0.968289938397913,0.9687942441805053,0.9683744760130415,0.9928130800305711
xgb,chi,22,0.9718987734823784,0.9718617645861428,0.9721475989835433,0.9718987734823784,0.994608456076684
lr,chi,23,0.9613414066138798,0.9609999676534253,0.9624168267618639,0.9613414066138798,0.992622466062525
nb,chi,23,0.9297003570874087,0.9295409193184959,0.9312185299861196,0.9297003570874087,0.9824328940915088
knn,chi,23,0.9701443875174661,0.9700012096890909,0.9704714073996412,0.9701443875174661,0.9915367744797813
rf,chi,23,0.9560937742586555,0.9559404634428287,0.9570364059156191,0.9560937742586555,0.991911308505642
dt,chi,23,0.9173575531749728,0.9177449534853842,0.920044318935689,0.9173575531749728,0.9168972491278419
gb,chi,23,0.9578481602235678,0.9577303636957943,0.9582982690372127,0.9578481602235678,0.9924294258228095
ab,chi,23,0.9631113181183046,0.9630075176036158,0.963256748077637,0.9631113181183046,0.9893940299852517
svc,chi,23,0.9701443875174661,0.9700015135347939,0.9706123705380808,0.9701443875174661,0.9940009783073982
ri,chi,23,0.9666200900481291,0.9665105494559969,0.9671555528576035,0.9666200900481291,0.9928785893656513
xgb,chi,23,0.9701288619779538,0.9700883816857594,0.9702738234485206,0.9701288619779538,0.9936897873026271
lr,chi,24,0.9595870206489675,0.9591990544622199,0.9608652724374563,0.9595870206489675,0.9927534847326855
nb,chi,24,0.9261760596180716,0.9260372524484207,0.9276799669424959,0.9261760596180716,0.982433522322566
knn,chi,24,0.9683744760130415,0.9683001337453601,0.9688839392644134,0.9683744760130415,0.9890098233674225
rf,chi,24,0.9578481602235677,0.9577456781185824,0.9587261386186021,0.9578481602235677,0.992311275057754
dt,chi,24,0.9243906225741343,0.9248232912928718,0.9275157957802345,0.9243906225741343,0.925428995159588
gb,chi,24,0.9578481602235678,0.9577228000024419,0.9586153097753352,0.9578481602235678,0.9919012568087249
ab,chi,24,0.9595714951094549,0.9594587473633007,0.9596983385997369,0.9595714951094549,0.9893275891351554
svc,chi,24,0.9736531594472908,0.9735214077001875,0.9740745069030343,0.9736531594472908,0.9940009783073982
ri,chi,24,0.9666200900481291,0.9665105494559969,0.9671555528576035,0.9666200900481291,0.9926798733832799
xgb,chi,24,0.9718832479428661,0.9718650197936668,0.9719765549589614,0.9718832479428661,0.9935556491403199
lr,chi,25,0.9595870206489675,0.9591990544622199,0.9608652724374563,0.9595870206489675,0.9927534847326855
nb,chi,25,0.927930445582984,0.9277690434964605,0.9294208711575942,0.927930445582984,0.9820719753490799
knn,chi,25,0.9648657040832169,0.9647173916685714,0.9654780709901241,0.9648657040832169,0.9889107794917654
rf,chi,25,0.9613724576929048,0.9612772149994239,0.9620156972749557,0.9613724576929048,0.9891227749789001
dt,chi,25,0.9208818506443098,0.9212173782960207,0.9244969879554062,0.9208818506443098,0.9206670903976832
gb,chi,25,0.9596025461884802,0.9595657344807383,0.9599946277994535,0.9596025461884802,0.9920341601720575
ab,chi,25,0.9595714951094549,0.9594587473633007,0.9596983385997369,0.9595714951094549,0.9893275891351554
svc,chi,25,0.9718987734823784,0.9717809024767099,0.9722510618609826,0.9718987734823784,0.9940009783073982
ri,chi,25,0.9683744760130415,0.9682440069170086,0.9688994960489149,0.9683744760130415,0.9928773329035367
xgb,chi,25,0.9753920198726906,0.9753828296902405,0.9755040841059183,0.9753920198726906,0.9934236989551435
lr,chi,26,0.9630957925787922,0.962746680352519,0.9643948081525876,0.9630957925787922,0.9927534847326855
nb,chi,26,0.9296848315478963,0.9295085099439806,0.9312432670847434,0.9296848315478963,0.9837254145025189
knn,chi,26,0.9683744760130415,0.9683056951098334,0.9687566658094118,0.9683744760130415,0.9891079357280633
rf,chi,26,0.9613724576929048,0.9611974577269973,0.9621845756142801,0.9613724576929048,0.9904086881322387
dt,chi,26,0.9226051855301971,0.9229600729475178,0.9253061152945865,0.9226051855301971,0.9210443539791722
gb,chi,26,0.9613724576929048,0.9612479612166371,0.962076721923767,0.9613724576929048,0.9914411317170897
ab,chi,26,0.9595714951094549,0.9594587473633007,0.9596983385997369,0.9595714951094549,0.9896582553027035
svc,chi,26,0.9718987734823784,0.9717420187582715,0.9724358155801325,0.9718987734823784,0.9938693314061805
ri,chi,26,0.9683744760130415,0.9682440069170086,0.9688994960489149,0.9683744760130415,0.9928779611345939
xgb,chi,26,0.9753764943331781,0.9753326471210937,0.9754831760056184,0.9753764943331781,0.9938201994048702
lr,chi,27,0.9630957925787922,0.962746680352519,0.9643948081525876,0.9630957925787922,0.9927534847326855
nb,chi,27,0.9296848315478963,0.9295085099439806,0.9312432670847434,0.9296848315478963,0.9837247862714618
knn,chi,27,0.9718832479428661,0.9718318716623259,0.9723029521735012,0.9718832479428661,0.9939576411960133
rf,chi,27,0.9701599130569788,0.9700639633579785,0.970708906035538,0.9701599130569788,0.9902462795723522
dt,chi,27,0.9208507995652848,0.9212721570417003,0.9256870059580811,0.9208507995652848,0.9216754012446774
gb,chi,27,0.9596180717279925,0.9595136960474175,0.9600621849064599,0.9596180717279925,0.9911765814525395
ab,chi,27,0.9595714951094549,0.9594587473633007,0.9596983385997369,0.9595714951094549,0.9896582553027035
svc,chi,27,0.9718987734823784,0.9717791657274091,0.9722495159747936,0.9718987734823784,0.9937370562739053
ri,chi,27,0.9736531594472908,0.9735544801962221,0.9740143447133066,0.9736531594472908,0.9919551763639547
xgb,chi,27,0.9789163173420278,0.9788883464125411,0.9791839000603249,0.9789163173420278,0.9945395456286384
lr,chi,28,0.9630957925787922,0.9627991121705142,0.9640362295654772,0.9630957925787922,0.9928189940677659
nb,chi,28,0.927930445582984,0.9277690434964605,0.9294208711575942,0.927930445582984,0.9835251387740742
knn,chi,28,0.9701288619779538,0.9700352124546058,0.9705688333177285,0.9701288619779538,0.989600024782632
rf,chi,28,0.9613724576929048,0.9611743952486149,0.9622055655716333,0.9613724576929048,0.9901796979118467
dt,chi,28,0.9120943952802361,0.9123903780605751,0.9167335692067213,0.9120943952802361,0.9107431410166426
gb,chi,28,0.9596180717279925,0.9595552981834882,0.9598873856643545,0.9596180717279925,0.9915715221561928
ab,chi,28,0.9595714951094549,0.9594587473633007,0.9596983385997369,0.9595714951094549,0.9896582553027035
svc,chi,28,0.9771619313771154,0.9770475842526798,0.9776207932671236,0.9771619313771154,0.9940016065384556
ri,chi,28,0.9736531594472908,0.9735367071152655,0.973907276489334,0.9736531594472908,0.991952988386824
xgb,chi,28,0.9754075454122031,0.9753511179608088,0.9757453952164793,0.9754075454122031,0.9947397996939431
lr,chi,29,0.9630957925787922,0.9627991121705142,0.9640362295654772,0.9630957925787922,0.9927528565016281
nb,chi,29,0.927930445582984,0.9277690434964605,0.9294208711575942,0.927930445582984,0.983789364091526
knn,chi,29,0.9701288619779538,0.9700406389688375,0.9707073843064651,0.9701288619779538,0.9912706753007277
rf,chi,29,0.95960254618848,0.9594648933380604,0.9600020106514295,0.95960254618848,0.9897810203165591
dt,chi,29,0.9173730787144854,0.9178154544279946,0.9210782450292434,0.9173730787144854,0.9178697508045689
gb,chi,29,0.9596180717279925,0.9594800183016012,0.9603276114261732,0.9596180717279925,0.9911746967593678
ab,chi,29,0.9595714951094549,0.9594587473633007,0.9596983385997369,0.9595714951094549,0.9897237646377837
svc,chi,29,0.9771619313771154,0.9770475842526798,0.9776207932671236,0.9771619313771154,0.9940016065384556
ri,chi,29,0.9736531594472908,0.9735367071152655,0.973907276489334,0.9736531594472908,0.9918868508206863
xgb,chi,29,0.9754075454122031,0.9753807374641124,0.9759284615780354,0.9754075454122031,0.9945432716887025
