model,fs_method,k,accuracy,fmeasure,precision,recall,roc
lr,nofs,13,0.8251412429378533,0.8161670247704624,0.8524988766026942,0.8251412429378533,0.9090277777777779
nb,nofs,13,0.7879661016949152,0.7682673009025651,0.8278997955679632,0.7879661016949152,0.8739500661375661
knn,nofs,13,0.7981355932203389,0.7965120882453391,0.8049161546338965,0.7981355932203389,0.8427331349206348
rf,nofs,13,0.7477401129943503,0.7185046680835411,0.8132883138771,0.7477401129943503,0.8578000992063493
dt,nofs,13,0.6602824858757063,0.6091190646063193,0.7404596472197952,0.6602824858757063,0.6604166666666667
gb,nofs,13,0.6705649717514124,0.6195410038237038,0.7417327335104666,0.6705649717514124,0.8171378968253968
ab,nofs,13,0.7577401129943503,0.7364809928525082,0.8033264924081699,0.7577401129943503,0.8557705026455027
svc,nofs,13,0.8184745762711862,0.8079048032014722,0.8479704825481263,0.8184745762711862,0.9128224206349207
ri,nofs,13,0.8150282485875706,0.8045133777216241,0.8451758201094176,0.8150282485875706,0.9080274470899472
xgb,nofs,13,0.6970621468926554,0.6484434355097497,0.7518231243941921,0.6970621468926554,0.8387814153439154
lr,em,1,0.7580790960451977,0.7550172653831975,0.7633146029116145,0.7580790960451977,0.7679935515873018
nb,em,1,0.7445197740112994,0.7400893557251533,0.7497298067557966,0.7445197740112994,0.7679935515873018
knn,em,1,0.7212994350282486,0.6958943902836674,0.7234572061925447,0.7212994350282486,0.7257399140211641
rf,em,1,0.7647457627118645,0.7635260365285884,0.7674419545081863,0.7647457627118645,0.7679935515873018
dt,em,1,0.7647457627118645,0.7635260365285884,0.7674419545081863,0.7647457627118645,0.7679935515873018
gb,em,1,0.7647457627118645,0.7635260365285884,0.7674419545081863,0.7647457627118645,0.7679935515873018
ab,em,1,0.7647457627118645,0.7635260365285884,0.7674419545081863,0.7647457627118645,0.7679935515873018
svc,em,1,0.7647457627118645,0.7635260365285884,0.7674419545081863,0.7647457627118645,0.7679935515873018
ri,em,1,0.7512994350282487,0.7478786811359394,0.757402869512777,0.7512994350282487,0.7679935515873018
xgb,em,1,0.7647457627118645,0.7635260365285884,0.7674419545081863,0.7647457627118645,0.7679935515873018
lr,em,2,0.7847457627118644,0.7844260239093874,0.7891980975889415,0.7847457627118644,0.8530505952380951
nb,em,2,0.791412429378531,0.7913424480807135,0.7952748530774617,0.791412429378531,0.842609126984127
knn,em,2,0.7479096045197741,0.726128875536401,0.7929932128196208,0.7479096045197741,0.8363012566137564
rf,em,2,0.747457627118644,0.7360618377642602,0.7685837777217518,0.747457627118644,0.8451388888888889
dt,em,2,0.7341242937853107,0.7216090138996716,0.7571763703143444,0.7341242937853107,0.845023148148148
gb,em,2,0.747457627118644,0.7360618377642602,0.7685837777217518,0.747457627118644,0.8439814814814814
ab,em,2,0.771412429378531,0.7704322121158242,0.7777632612121547,0.771412429378531,0.8433697089947089
svc,em,2,0.771412429378531,0.7698653728402205,0.7755550979959419,0.771412429378531,0.8490327380952379
ri,em,2,0.7847457627118644,0.7844260239093874,0.7891980975889415,0.7847457627118644,0.8530505952380951
xgb,em,2,0.7375141242937853,0.7249656497333465,0.7611346559532166,0.7375141242937853,0.8414021164021163
lr,em,3,0.7882485875706214,0.7737104480248125,0.8269716593576014,0.7882485875706214,0.9015997023809523
nb,em,3,0.7782485875706214,0.749382096032577,0.8292418383742077,0.7782485875706214,0.88515625
knn,em,3,0.6970056497175141,0.6405022003948323,0.6931097010816807,0.6970056497175141,0.8347966269841269
rf,em,3,0.7138418079096046,0.6615718578396385,0.7628149633857941,0.7138418079096046,0.8446304563492063
dt,em,3,0.7105084745762713,0.657664327359338,0.7629456823400425,0.7105084745762713,0.839310515873016
gb,em,3,0.7237853107344633,0.6807548917318191,0.7683221092941005,0.7237853107344633,0.8271412037037036
ab,em,3,0.7170621468926555,0.6577881427604815,0.7123742934184222,0.7170621468926555,0.9014880952380953
svc,em,3,0.7815819209039547,0.7667940238534864,0.8208949038690811,0.7815819209039547,0.8961929563492064
ri,em,3,0.791638418079096,0.7770008760475189,0.83291166908487,0.791638418079096,0.9031787367724867
xgb,em,3,0.7205084745762712,0.6748853971913475,0.7648448969768339,0.7205084745762712,0.8384837962962962
lr,em,4,0.7983050847457627,0.7858546393723205,0.8314137520095853,0.7983050847457627,0.9039930555555558
nb,em,4,0.778135593220339,0.749160342188,0.8306662977176437,0.778135593220339,0.8932291666666667
knn,em,4,0.7169491525423729,0.6677388588418365,0.7064406803199119,0.7169491525423729,0.80984623015873
rf,em,4,0.7341242937853106,0.6962099130981944,0.8035635603589473,0.7341242937853106,0.7970692791005292
dt,em,4,0.6868926553672317,0.6410064599442251,0.7403901042414202,0.6868926553672317,0.6922164351851852
gb,em,4,0.6934463276836158,0.6341817087750695,0.6882554588447023,0.6934463276836158,0.7975570436507937
ab,em,4,0.7542372881355932,0.7231743238273411,0.8307656730064645,0.7542372881355932,0.8770957341269842
svc,em,4,0.7849717514124294,0.7703596112707474,0.8205500105705056,0.7849717514124294,0.9008763227513228
ri,em,4,0.8017514124293786,0.7851019317140494,0.840434003729665,0.8017514124293786,0.9052992724867727
xgb,em,4,0.7038418079096045,0.6517371824291067,0.8020509580045353,0.7038418079096045,0.7972635582010581
lr,em,5,0.8116384180790959,0.7990854800888056,0.8468161234197001,0.8116384180790959,0.9018270502645503
nb,em,5,0.7881355932203389,0.7591316572795807,0.8400271388477604,0.7881355932203389,0.8913938492063492
knn,em,5,0.7643502824858757,0.7517852618997501,0.7982240030492872,0.7643502824858757,0.8163938492063492
rf,em,5,0.7272316384180791,0.6925031448096803,0.7804217632155385,0.7272316384180791,0.8313657407407409
dt,em,5,0.703728813559322,0.6659114289768121,0.7596653873328898,0.703728813559322,0.7029431216931217
gb,em,5,0.71045197740113,0.6667696859377339,0.7876591247887038,0.71045197740113,0.8314690806878307
ab,em,5,0.7576836158192091,0.7275752839249391,0.8238944960762542,0.7576836158192091,0.8745618386243386
svc,em,5,0.8117514124293784,0.7993483098649226,0.8438757902710922,0.8117514124293784,0.9008845899470899
ri,em,5,0.8184745762711862,0.8061770756545815,0.8507286602793304,0.8184745762711862,0.9044808201058201
xgb,em,5,0.7511299435028249,0.72894358618084,0.788183342346397,0.7511299435028249,0.8202339616402116
lr,em,6,0.815084745762712,0.8044758475238787,0.8465349746615948,0.815084745762712,0.9036623677248677
nb,em,6,0.8084180790960451,0.7866097627181052,0.8493856725192594,0.8084180790960451,0.893915343915344
knn,em,6,0.7846327683615819,0.7738871257827034,0.8158493524748389,0.7846327683615819,0.8564980158730158
rf,em,6,0.7374576271186439,0.7005498120799996,0.8051626653391748,0.7374576271186439,0.8515046296296296
dt,em,6,0.7274011299435028,0.6985510242070577,0.7529414906370406,0.7274011299435028,0.7266699735449735
gb,em,6,0.7207909604519773,0.6882145666104579,0.7744169517282942,0.7207909604519773,0.8649470899470899
ab,em,6,0.7915254237288135,0.7734686361193817,0.8278972801078434,0.7915254237288135,0.8921957671957671
svc,em,6,0.8151412429378532,0.8027790031807754,0.8480943542471078,0.8151412429378532,0.9111607142857142
ri,em,6,0.815084745762712,0.8044758475238787,0.8465349746615948,0.815084745762712,0.9074818121693123
xgb,em,6,0.7442937853107343,0.7175292124588365,0.8012013184757855,0.7442937853107343,0.8510292658730159
lr,em,7,0.8184745762711862,0.8078834524350638,0.8483977385073528,0.8184745762711862,0.904050925925926
nb,em,7,0.7948587570621468,0.773062207231858,0.8357945031792591,0.7948587570621468,0.8922784391534393
knn,em,7,0.8047457627118645,0.7976100360532042,0.83326772276545,0.8047457627118645,0.8613632605820106
rf,em,7,0.7542372881355932,0.7173445958924497,0.8276634226149369,0.7542372881355932,0.8601149140211639
dt,em,7,0.7270056497175141,0.7097359799601012,0.7557868409354389,0.7270056497175141,0.7287698412698412
gb,em,7,0.7208474576271187,0.6914860766977737,0.7581237612490639,0.7208474576271187,0.8630125661375659
ab,em,7,0.7780225988700564,0.7585817528581906,0.8180843684024299,0.7780225988700564,0.8969370039682539
svc,em,7,0.8185310734463276,0.80614176845815,0.8502221780958645,0.8185310734463276,0.9102843915343914
ri,em,7,0.8150847457627117,0.8044993872653723,0.8454793671845398,0.8150847457627117,0.9067460317460319
xgb,em,7,0.7408474576271187,0.7101407659844238,0.7988371157768807,0.7408474576271187,0.8512400793650794
lr,em,8,0.8285310734463277,0.8179734753329582,0.8578143844353455,0.8285310734463277,0.908531746031746
nb,em,8,0.8083615819209038,0.7865899550938511,0.8495668546885004,0.8083615819209038,0.8936094576719578
knn,em,8,0.8045762711864407,0.8001107878607827,0.8279432317801934,0.8045762711864407,0.8694403108465609
rf,em,8,0.774406779661017,0.7513307674708116,0.8334739996453866,0.774406779661017,0.8737351190476191
dt,em,8,0.7337853107344632,0.7224610173071179,0.7604753109245614,0.7337853107344632,0.7337301587301587
gb,em,8,0.7307909604519774,0.6991356862128838,0.798096135597874,0.7307909604519774,0.8690145502645501
ab,em,8,0.7983050847457627,0.7813557896216896,0.8329671009302411,0.7983050847457627,0.8971519510582011
svc,em,8,0.8151977401129944,0.8008157310664492,0.849029538915804,0.8151977401129944,0.9113012566137566
ri,em,8,0.8217514124293785,0.811181939704485,0.853315927042547,0.8217514124293785,0.9114666005291004
xgb,em,8,0.7406779661016948,0.7150517904958482,0.8047976534356586,0.7406779661016948,0.8667204034391535
lr,em,9,0.8218079096045198,0.8112638952583524,0.8524296011018395,0.8218079096045198,0.9088458994708996
nb,em,9,0.8116949152542372,0.7899128241034667,0.8529070073330004,0.8116949152542372,0.8968171296296298
knn,em,9,0.8149152542372882,0.813168678628514,0.8195528122165385,0.8149152542372882,0.8456059854497354
rf,em,9,0.7575706214689266,0.731972828583223,0.81881621451403,0.7575706214689266,0.8751653439153438
dt,em,9,0.727005649717514,0.7098959594685759,0.7523644204486077,0.727005649717514,0.7276124338624338
gb,em,9,0.7375141242937853,0.7087196648684807,0.797419363823927,0.7375141242937853,0.8675512566137566
ab,em,9,0.7847457627118644,0.7664050686184258,0.8256442767759757,0.7847457627118644,0.8986359126984127
svc,em,9,0.8184745762711867,0.806161685853241,0.850280061890483,0.8184745762711867,0.9121693121693122
ri,em,9,0.8218079096045198,0.8112638952583524,0.8524296011018395,0.8218079096045198,0.9119295634920634
xgb,em,9,0.7340112994350282,0.7110649887955145,0.7886288271386558,0.7340112994350282,0.8591435185185186
lr,em,10,0.818418079096045,0.8078585301963443,0.8487206823049698,0.818418079096045,0.9063161375661375
nb,em,10,0.804915254237288,0.7826999810286321,0.8452414817422851,0.804915254237288,0.87900958994709
knn,em,10,0.8081920903954801,0.8063977445017722,0.812718568654437,0.8081920903954801,0.8360243055555557
rf,em,10,0.7137853107344634,0.6626861728535156,0.791989959141031,0.7137853107344634,0.8465401785714285
dt,em,10,0.6803954802259887,0.6328392778240927,0.7686998376199581,0.6803954802259887,0.6833994708994708
gb,em,10,0.6705649717514124,0.6202119413919882,0.7385267530598312,0.6705649717514124,0.8232969576719575
ab,em,10,0.7610169491525424,0.7416515320207692,0.8030139737801028,0.7610169491525424,0.860772156084656
svc,em,10,0.821864406779661,0.8095671017893407,0.8527711772540696,0.821864406779661,0.913053902116402
ri,em,10,0.818418079096045,0.807879830088661,0.8495112297790263,0.818418079096045,0.9090856481481483
xgb,em,10,0.70045197740113,0.6507259574053829,0.7955589842160116,0.70045197740113,0.8376157407407409
lr,em,11,0.818418079096045,0.8078585301963443,0.8487206823049698,0.818418079096045,0.904522156084656
nb,em,11,0.7981920903954801,0.7757681382360532,0.8383613491235711,0.7981920903954801,0.8776537698412697
knn,em,11,0.8082485875706216,0.8064582148368276,0.8119768208971833,0.8082485875706216,0.8329406415343914
rf,em,11,0.7206779661016949,0.6681656208791957,0.8203318117230278,0.7206779661016949,0.8382523148148149
dt,em,11,0.6703954802259887,0.6206909708808661,0.7526632291346426,0.6703954802259887,0.6719742063492063
gb,em,11,0.68045197740113,0.6360443641644977,0.763231466599805,0.68045197740113,0.8145750661375661
ab,em,11,0.7509604519774011,0.730777018276529,0.7948206034923693,0.7509604519774011,0.861565806878307
svc,em,11,0.8151412429378532,0.8027577032884586,0.8473038067730514,0.8151412429378532,0.9110615079365079
ri,em,11,0.818418079096045,0.8078585301963443,0.8487206823049698,0.818418079096045,0.9096643518518519
xgb,em,11,0.7038418079096045,0.6587596743845625,0.7687297440329008,0.7038418079096045,0.8362103174603174
lr,em,12,0.818418079096045,0.8078585301963443,0.8487206823049698,0.818418079096045,0.9072172619047618
nb,em,12,0.7981355932203389,0.7785713932371469,0.8373891178110242,0.7981355932203389,0.8776455026455027
knn,em,12,0.8048022598870057,0.8033481847304197,0.8103847043950927,0.8048022598870057,0.8406208664021164
rf,em,12,0.7307909604519774,0.6996229944934262,0.7859641270735097,0.7307909604519774,0.8529555224867724
dt,em,12,0.6736723163841808,0.6249804739189609,0.7572529574440099,0.6736723163841808,0.6743882275132276
gb,em,12,0.6638418079096045,0.6069384798811741,0.7243449269947263,0.6638418079096045,0.8118138227513226
ab,em,12,0.7577401129943503,0.7364809928525082,0.8033264924081699,0.7577401129943503,0.8557705026455027
svc,em,12,0.8083615819209038,0.7959877037528892,0.841442967763516,0.8083615819209038,0.9121445105820104
ri,em,12,0.8150282485875705,0.8044959502454647,0.8456577327987029,0.8150282485875705,0.9075479497354497
xgb,em,12,0.7003954802259887,0.6551132368050407,0.7682265706424939,0.7003954802259887,0.8422371031746032
lr,em,13,0.8251412429378533,0.8161670247704624,0.8524988766026942,0.8251412429378533,0.9090277777777779
nb,em,13,0.7879661016949152,0.7682673009025651,0.8278997955679632,0.7879661016949152,0.8739500661375661
knn,em,13,0.7981355932203389,0.7965120882453391,0.8049161546338965,0.7981355932203389,0.8427331349206348
rf,em,13,0.7240677966101694,0.6864081604493896,0.7934154441341994,0.7240677966101694,0.839451058201058
dt,em,13,0.693728813559322,0.6500601489914063,0.7742249634167996,0.693728813559322,0.6963955026455027
gb,em,13,0.6705649717514124,0.6195410038237038,0.7417327335104666,0.6705649717514124,0.8176008597883598
ab,em,13,0.7577401129943503,0.7364809928525082,0.8033264924081699,0.7577401129943503,0.8557705026455027
svc,em,13,0.8184745762711862,0.8079048032014722,0.8479704825481263,0.8184745762711862,0.9128224206349207
ri,em,13,0.8150282485875706,0.8045133777216241,0.8451758201094176,0.8150282485875706,0.9080274470899472
xgb,em,13,0.7037853107344633,0.6525428777419229,0.776172581992616,0.7037853107344633,0.8451636904761906
