model,fs_method,k,accuracy,fmeasure,precision,recall,roc
nb,nofs,18,0.2747561675272519,0.3003363399946559,0.38492535070098477,0.2747561675272519,0.6284893036272944
rf,nofs,18,0.4976190476190476,0.4678641617926872,0.4791339505715689,0.4976190476190476,0.7098698805841928
knn,nofs,18,0.4641422834193918,0.4638625947848829,0.49039177923993205,0.4641422834193918,0.6654593464800251
lr,nofs,18,0.4591508892713712,0.4127082889316999,0.4619577518206855,0.4591508892713712,0.6896522912012477
gb,nofs,18,0.4374928284566838,0.4232937079090037,0.46493339755932145,0.4374928284566838,0.6484617131370778
ab,nofs,18,0.45235226620768787,0.41487486126126677,0.44184929672455475,0.45235226620768787,0.6146466734585114
nb,lrs,1,0.3271371199082042,0.22670614459865704,0.3192972188623723,0.3271371199082042,0.5497510571257904
rf,lrs,1,0.41133103843947205,0.2821859345503498,0.3829925771725532,0.41133103843947205,0.5555143264680665
knn,lrs,1,0.37791164658634535,0.24516456002812195,0.30000591546338173,0.37791164658634535,0.5441539034217525
lr,lrs,1,0.37558806655192195,0.22963062583738156,0.19806647595979462,0.37558806655192195,0.5434240775457988
gb,lrs,1,0.41133103843947205,0.2825165720240136,0.3872650392361111,0.41133103843947205,0.5555143264680665
ab,lrs,1,0.40180722891566256,0.26497658810736235,0.31622954690364585,0.40180722891566256,0.5494734632337387
nb,tree,1,0.45929432013769367,0.4067006186106708,0.4260696306971058,0.45929432013769367,0.6353634609605996
rf,tree,1,0.33732071141709696,0.33400985242767495,0.33392668977757917,0.33732071141709696,0.5296278922636202
knn,tree,1,0.3661503155479059,0.3597768275167638,0.38360487138705,0.3661503155479059,0.5541284185103328
lr,tree,1,0.451950659781985,0.39213170953692994,0.41031436119418013,0.451950659781985,0.6277403884020372
gb,tree,1,0.36374067699368906,0.35642666302290976,0.3580079466162058,0.36374067699368906,0.5610895905003066
ab,tree,1,0.4115318416523236,0.3429341847640059,0.3984601040331882,0.4115318416523236,0.54831070184025
nb,rfe,1,0.45929432013769367,0.4067006186106708,0.4260696306971058,0.45929432013769367,0.6353634609605996
rf,rfe,1,0.3444635685599541,0.3405049787589925,0.3396350498311907,0.3444635685599541,0.5302328805785335
knn,rfe,1,0.3661503155479059,0.3597768275167638,0.38360487138705,0.3661503155479059,0.5541284185103328
lr,rfe,1,0.451950659781985,0.39213170953692994,0.41031436119418013,0.451950659781985,0.6277403884020372
gb,rfe,1,0.36374067699368906,0.35642666302290976,0.3580079466162058,0.36374067699368906,0.5610895905003066
ab,rfe,1,0.4115318416523236,0.3429341847640059,0.3984601040331882,0.4115318416523236,0.54831070184025
nb,em,1,0.3271371199082042,0.22670614459865704,0.3192972188623723,0.3271371199082042,0.5497510571257904
rf,em,1,0.41133103843947205,0.2825165720240136,0.3872650392361111,0.41133103843947205,0.5555143264680665
knn,em,1,0.37791164658634535,0.24516456002812195,0.30000591546338173,0.37791164658634535,0.5441539034217525
lr,em,1,0.37558806655192195,0.22963062583738156,0.19806647595979462,0.37558806655192195,0.5434240775457988
gb,em,1,0.41133103843947205,0.2825165720240136,0.3872650392361111,0.41133103843947205,0.5555143264680665
ab,em,1,0.40180722891566256,0.26497658810736235,0.31622954690364585,0.40180722891566256,0.5494734632337387
nb,rfc,1,0.45929432013769367,0.4067006186106708,0.4260696306971058,0.45929432013769367,0.6353634609605996
rf,rfc,1,0.3420826161790017,0.33792899914240887,0.33732510063243604,0.3420826161790017,0.5252613657363027
knn,rfc,1,0.3661503155479059,0.3597768275167638,0.38360487138705,0.3661503155479059,0.5541284185103328
lr,rfc,1,0.451950659781985,0.39213170953692994,0.41031436119418013,0.451950659781985,0.6277403884020372
gb,rfc,1,0.36374067699368906,0.35642666302290976,0.3580079466162058,0.36374067699368906,0.5610895905003066
ab,rfc,1,0.4115318416523236,0.3429341847640059,0.3984601040331882,0.4115318416523236,0.54831070184025
nb,muin,1,0.38407917383820994,0.3266899871944119,0.28872430908170127,0.38407917383820994,0.6203989282807173
rf,muin,1,0.44684452094090654,0.34945086281302784,0.2938515156315079,0.44684452094090654,0.6179552536930141
knn,muin,1,0.3681870338496845,0.24309426521652364,0.1913413522353979,0.3681870338496845,0.5679622891777149
lr,muin,1,0.3708261617900172,0.21766205631977992,0.1630579885122828,0.3708261617900172,0.6167159713447483
gb,muin,1,0.44684452094090654,0.34992490697925266,0.29445113226558284,0.44684452094090654,0.6179552536930141
ab,muin,1,0.44684452094090654,0.3493381295030288,0.2938064680864604,0.44684452094090654,0.5424020167590475
nb,emm,1,0.45929432013769367,0.4067006186106708,0.4260696306971058,0.45929432013769367,0.6353634609605996
rf,emm,1,0.3372920252438325,0.3339003455556073,0.3339049911988609,0.3372920252438325,0.5303451532220669
knn,emm,1,0.3661503155479059,0.3597768275167638,0.38360487138705,0.3661503155479059,0.5541284185103328
lr,emm,1,0.451950659781985,0.39213170953692994,0.41031436119418013,0.451950659781985,0.6277403884020372
gb,emm,1,0.36374067699368906,0.35642666302290976,0.3580079466162058,0.36374067699368906,0.5610895905003066
ab,emm,1,0.4115318416523236,0.3429341847640059,0.3984601040331882,0.4115318416523236,0.54831070184025
nb,lrs,2,0.3293172690763052,0.25577214754276023,0.3261095871830524,0.3293172690763052,0.6351973110319971
rf,lrs,2,0.4540160642570282,0.35475965773280416,0.29817400914080244,0.4540160642570282,0.639464602455331
knn,lrs,2,0.3563970166379805,0.274040326717777,0.2720454270720312,0.3563970166379805,0.5372311410072681
lr,lrs,2,0.41113023522662073,0.3228310019938858,0.273168367593128,0.41113023522662073,0.5989748550188594
gb,lrs,2,0.4540160642570282,0.3550905851276277,0.2986313890624681,0.4540160642570282,0.639256571492583
ab,lrs,2,0.33726333907056794,0.18537305524749675,0.13402167513375232,0.33726333907056794,0.5090512217397238
nb,tree,2,0.45444635685599544,0.4204067440838298,0.4640171503868791,0.45444635685599544,0.6579800327756442
rf,tree,2,0.40912220309810676,0.3973963905518204,0.3975190007670668,0.40912220309810676,0.6075265738260569
knn,tree,2,0.3853126792885829,0.37940549283844505,0.4031702479127657,0.3853126792885829,0.5833337342932446
lr,tree,2,0.4519506597819851,0.40480152477388137,0.40190565421743785,0.4519506597819851,0.6494424036372604
gb,tree,2,0.4162076878944349,0.4039423287490248,0.41637994589918065,0.4162076878944349,0.5930379114671596
ab,tree,2,0.4523235800344233,0.4031522331525362,0.4690332219380801,0.4523235800344233,0.5617969053979327
nb,rfe,2,0.45444635685599544,0.4204067440838298,0.4640171503868791,0.45444635685599544,0.6579800327756442
rf,rfe,2,0.40668387837062536,0.3920883121748814,0.39030363784621597,0.40668387837062536,0.604104280324916
knn,rfe,2,0.3853126792885829,0.37940549283844505,0.4031702479127657,0.3853126792885829,0.5833337342932446
lr,rfe,2,0.4519506597819851,0.40480152477388137,0.40190565421743785,0.4519506597819851,0.6494424036372604
gb,rfe,2,0.40668387837062536,0.3954561968253928,0.40873612146964194,0.40668387837062536,0.5891899642604602
ab,rfe,2,0.4523235800344233,0.4031522331525362,0.4690332219380801,0.4523235800344233,0.5617969053979327
nb,em,2,0.3390705679862306,0.2684339475703481,0.313687510746809,0.3390705679862306,0.6005592742904157
rf,em,2,0.3491107286288009,0.3354640180611586,0.3442954509952081,0.3491107286288009,0.5523001502278699
knn,em,2,0.3611015490533563,0.3389636437013953,0.33369867718425555,0.3611015490533563,0.5567041427754464
lr,em,2,0.413798049340218,0.30502617662690795,0.3074363373746725,0.413798049340218,0.6192937478355989
gb,em,2,0.3538726333907057,0.33714873308267224,0.34573327263165576,0.3538726333907057,0.5621883202626932
ab,em,2,0.41362593230063116,0.3386634784999673,0.29074494029748954,0.41362593230063116,0.5392812008871533
nb,rfc,2,0.47613310384394725,0.4143892866963969,0.40911550663269247,0.47613310384394725,0.6709183638614149
rf,rfc,2,0.3803212851405622,0.37094786946891,0.36877433892493305,0.3803212851405622,0.5878349787567468
knn,rfc,2,0.3732358003442341,0.3599486970469153,0.36319680334948323,0.3732358003442341,0.6143514751128029
lr,rfc,2,0.4832185886402754,0.4167726373719785,0.39751069280288415,0.4832185886402754,0.6668454202703173
gb,rfc,2,0.4307228915662651,0.40828559488260385,0.4089051208541618,0.4307228915662651,0.608459941739877
ab,rfc,2,0.4355708548479633,0.3807360312254501,0.3687670109618392,0.4355708548479633,0.5832525051402682
nb,muin,2,0.3555364314400459,0.31296532848570474,0.28978604960064036,0.3555364314400459,0.5998145204864017
rf,muin,2,0.3728055077452667,0.32946732299737835,0.3276327678861116,0.3728055077452667,0.5682207594965476
knn,muin,2,0.38473895582329315,0.3459916454068578,0.3469012364948202,0.38473895582329315,0.5887978525741081
lr,muin,2,0.3732071141709696,0.23105008614276504,0.1937339622484975,0.3732071141709696,0.6135356499575523
gb,muin,2,0.3586919104991394,0.3239891948560815,0.3293891679333711,0.3586919104991394,0.576213603241202
ab,muin,2,0.44446356855995406,0.34749296934730955,0.29231359387804445,0.44446356855995406,0.5779203372529972
nb,emm,2,0.47613310384394725,0.4143892866963969,0.40911550663269247,0.47613310384394725,0.6709183638614149
rf,emm,2,0.3923694779116466,0.3805391464906368,0.38155706376734566,0.3923694779116466,0.5902371051737948
knn,emm,2,0.3732358003442341,0.3599486970469153,0.36319680334948323,0.3732358003442341,0.6143514751128029
lr,emm,2,0.4832185886402754,0.4167726373719785,0.39751069280288415,0.4832185886402754,0.6668454202703173
gb,emm,2,0.43310384394721746,0.41043109141945433,0.4110791901533271,0.43310384394721746,0.6091308095197314
ab,emm,2,0.4355708548479633,0.3807360312254501,0.3687670109618392,0.4355708548479633,0.5832525051402682
nb,lrs,3,0.3818703384968445,0.3226176902392283,0.3106947208881794,0.3818703384968445,0.6606477843251093
rf,lrs,3,0.4374641422834194,0.3592629945591348,0.3200652114924284,0.4374641422834194,0.6611870906001751
knn,lrs,3,0.3727481353987378,0.3564142195194223,0.3759151416299892,0.3727481353987378,0.6441534743470734
lr,lrs,3,0.43049340218014914,0.3350150484694122,0.2949570381202873,0.43049340218014914,0.6412528982667014
gb,lrs,3,0.4255593803786574,0.36235993723362114,0.3270342387362352,0.4255593803786574,0.6583945833023825
ab,lrs,3,0.4257028112449799,0.34689479875402385,0.3118675382836181,0.4257028112449799,0.6395972580883191
nb,tree,3,0.4761044176706827,0.4261060856533757,0.4550361573754135,0.4761044176706827,0.6777484064201527
rf,tree,3,0.45473321858864024,0.43910374722400114,0.4368839228267897,0.45473321858864024,0.6302599138609735
knn,tree,3,0.3993975903614458,0.39816760622582076,0.41163464598569793,0.3993975903614458,0.6144818778064133
lr,tree,3,0.46881812966150316,0.41081384086549927,0.4020899741829833,0.46881812966150316,0.6749129787708016
gb,tree,3,0.4331325301204819,0.41949609141928274,0.4273367715495377,0.4331325301204819,0.6219163357815178
ab,tree,3,0.45711417096959267,0.39596358826739203,0.47715230181220153,0.45711417096959267,0.5822604788725549
nb,rfe,3,0.49282845668387837,0.46051540655461176,0.5219241843217499,0.49282845668387837,0.6668053246668773
rf,rfe,3,0.4259036144578313,0.40127878598761474,0.3943873971866171,0.4259036144578313,0.6024901702379795
knn,rfe,3,0.37096959265633966,0.36586412525878753,0.3890719873731814,0.37096959265633966,0.5646888588503445
lr,rfe,3,0.4545897877223178,0.4104092357031467,0.4467565316321451,0.4545897877223178,0.6657858792989135
gb,rfe,3,0.4042168674698795,0.38792305225083623,0.39052162167814786,0.4042168674698795,0.5943804734425802
ab,rfe,3,0.46181870338496844,0.4110751860262126,0.4640698592287156,0.46181870338496844,0.5890103381740053
nb,em,3,0.3748135398737808,0.3239012400895351,0.31687754074128194,0.3748135398737808,0.653587439491645
rf,em,3,0.3919391853126793,0.3822464331524004,0.38449392615749495,0.3919391853126793,0.5939647061352094
knn,em,3,0.38499713138267355,0.37441589835302935,0.39097523006103263,0.38499713138267355,0.5934771929296531
lr,em,3,0.4281411359724613,0.32725952132416636,0.29809139048335076,0.4281411359724613,0.6571308405654624
gb,em,3,0.37753872633390706,0.3657316841536392,0.37077143857245487,0.37753872633390706,0.6083486375463302
ab,em,3,0.40642570281124496,0.3403557147711177,0.314810174971965,0.40642570281124496,0.5884848352111529
nb,rfc,3,0.4832472748135399,0.4287056642454269,0.440276265557541,0.4832472748135399,0.661910724653088
rf,rfc,3,0.4163798049340218,0.3820861833516053,0.372025561048414,0.4163798049340218,0.6005749955540125
knn,rfc,3,0.38514056224899595,0.3740292728833172,0.38548891386526163,0.38514056224899595,0.5975349905654458
lr,rfc,3,0.4975043029259897,0.42948972158049853,0.412233722169295,0.4975043029259897,0.6649441744893787
gb,rfc,3,0.4065978198508319,0.39023666848183164,0.38982775186132734,0.4065978198508319,0.5881684891500163
ab,rfc,3,0.47613310384394725,0.4188658968125914,0.4093448540491794,0.47613310384394725,0.5984574666240429
nb,muin,3,0.33425129087779687,0.2886577032873833,0.2777231382164008,0.33425129087779687,0.6264775788522658
rf,muin,3,0.3873780837636259,0.3718755660855907,0.39433615825190316,0.3873780837636259,0.6019008518993093
knn,muin,3,0.37028112449799194,0.36487273535480363,0.3854403861314331,0.37028112449799194,0.6192342461113578
lr,muin,3,0.43290304073436603,0.33361998200896126,0.2999353716621589,0.43290304073436603,0.6537859915737562
gb,muin,3,0.38734939759036147,0.3665616013069041,0.37507041888988785,0.38734939759036147,0.6185154661328103
ab,muin,3,0.4257028112449799,0.34689479875402385,0.3118675382836181,0.4257028112449799,0.6395972580883191
nb,emm,3,0.3485083189902467,0.3280661030585229,0.3427313471659606,0.3485083189902467,0.6550485499697517
rf,emm,3,0.4207974756167527,0.39645947962714767,0.39523563794278893,0.4207974756167527,0.6227045175584717
knn,emm,3,0.4352839931153184,0.40243790308727456,0.39552358886359307,0.4352839931153184,0.6143889711417986
lr,emm,3,0.4519793459552496,0.37715869660453477,0.37638483217537005,0.4519793459552496,0.6562249351951214
gb,emm,3,0.38012048192771086,0.35615495019637616,0.35244894421905787,0.38012048192771086,0.5975152448332235
ab,emm,3,0.42085484796328176,0.37752664981007705,0.3907855145719663,0.42085484796328176,0.5987366538630733
nb,lrs,4,0.40605278255880667,0.3681823985761397,0.3846769357356779,0.40605278255880667,0.6563156223341353
rf,lrs,4,0.3920252438324727,0.33605928037943544,0.32397888005178777,0.3920252438324727,0.6523154467778417
knn,lrs,4,0.36333907056798626,0.331625896172424,0.3714056575800862,0.36333907056798626,0.6337852840416109
lr,lrs,4,0.4543316121629374,0.3562264240055167,0.31627144480095953,0.4543316121629374,0.6643135111406948
gb,lrs,4,0.3920252438324727,0.34326725520544876,0.35281698204367185,0.3920252438324727,0.6581958844186208
ab,lrs,4,0.3514916810097533,0.3120343568801667,0.42210257951872554,0.3514916810097533,0.6010784806404855
nb,tree,4,0.4713138267355134,0.42693009400014625,0.4438851183764749,0.4713138267355134,0.6765903790311845
rf,tree,4,0.43777969018932883,0.4127490911955215,0.4110295254273029,0.43777969018932883,0.6085043415465667
knn,tree,4,0.39475043029259893,0.38860797035108385,0.42117143764211507,0.39475043029259893,0.5631060935198879
lr,tree,4,0.490447504302926,0.43499040595752564,0.46269089277398157,0.490447504302926,0.6715923368947174
gb,tree,4,0.38755020080321284,0.36835700595706644,0.36294772985306706,0.38755020080321284,0.5973923813899371
ab,tree,4,0.4808376362593231,0.4325391899055144,0.44237863575528397,0.4808376362593231,0.6050929137949387
nb,rfe,4,0.46896156052782556,0.42628463665836847,0.4822866489222098,0.46896156052782556,0.6767041713706852
rf,rfe,4,0.4211990820424555,0.394716573167223,0.3994485456727938,0.4211990820424555,0.6202098217133878
knn,rfe,4,0.363855421686747,0.35521605841662296,0.36948342501906617,0.363855421686747,0.5798733041790577
lr,rfe,4,0.46884681583476756,0.42239990609360645,0.43587683412947814,0.46884681583476756,0.6743412253914185
gb,rfe,4,0.44495123350545035,0.41925761435749365,0.4282508839631262,0.44495123350545035,0.6204720871517102
ab,rfe,4,0.46904761904761905,0.41397228315337087,0.41021509088116775,0.46904761904761905,0.5824414053106876
nb,em,4,0.36996557659208257,0.3176453639133111,0.31254210223026846,0.36996557659208257,0.6539469696546052
rf,em,4,0.3943201376936317,0.3903852425923712,0.3943925540219656,0.3943201376936317,0.6025608044049712
knn,em,4,0.3753585771658061,0.36468109780122887,0.3767988103886909,0.3753585771658061,0.6017352662145148
lr,em,4,0.4328743545611015,0.33813937827637125,0.29815506105030193,0.4328743545611015,0.6450489031489177
gb,em,4,0.3991681009753299,0.38873330432178865,0.3929828492583878,0.3991681009753299,0.6217502242188132
ab,em,4,0.40642570281124496,0.3403557147711177,0.314810174971965,0.40642570281124496,0.5882342875660269
nb,rfc,4,0.4929718875502008,0.4393096136253451,0.4592702266943058,0.4929718875502008,0.6923056618930471
rf,rfc,4,0.4643430866322433,0.43865138639045237,0.437042428679635,0.4643430866322433,0.638263036537311
knn,rfc,4,0.44041881812966155,0.4300352652941724,0.44147714604979704,0.44041881812966155,0.6099104216780445
lr,rfc,4,0.5024956970740103,0.4357171082452286,0.41888488059524465,0.5024956970740103,0.6867530665165887
gb,rfc,4,0.4451520367183018,0.4236959256574332,0.42374859600877235,0.4451520367183018,0.6200238072195252
ab,rfc,4,0.46437177280550773,0.41387183255271076,0.4086022873612684,0.46437177280550773,0.5948508128346448
nb,muin,4,0.3556224899598393,0.3430197355054352,0.3841247002540062,0.3556224899598393,0.651559665284086
rf,muin,4,0.4329317269076306,0.4087279639965306,0.4317829919265554,0.4329317269076306,0.6458256299524863
knn,muin,4,0.42114170969592657,0.4097267726946397,0.4294570688714912,0.42114170969592657,0.6306519495316036
lr,muin,4,0.44713138267355135,0.3883800435831899,0.4138139995067386,0.44713138267355135,0.6722744480050504
gb,muin,4,0.368100975329891,0.3525397362562296,0.3910225346457667,0.368100975329891,0.6193165013921748
ab,muin,4,0.39704532415375793,0.35329868923909363,0.4428376708607186,0.39704532415375793,0.60591982610142
nb,emm,4,0.3699942627653471,0.330127716321308,0.3401151781845949,0.3699942627653471,0.6654092229944782
rf,emm,4,0.38729202524383244,0.3722932812153134,0.38747710628630844,0.38729202524383244,0.6436742404215133
knn,emm,4,0.4546471600688468,0.42413494430463966,0.4489911607299663,0.4546471600688468,0.6464566230704945
lr,emm,4,0.43281698221457254,0.36817055412293187,0.3884780817169894,0.43281698221457254,0.6576819201823695
gb,emm,4,0.37768215720022946,0.3536824039606771,0.3590268708962124,0.37768215720022946,0.6244247401438818
ab,emm,4,0.44982788296041304,0.3828593728498189,0.4456784956747105,0.44982788296041304,0.6362185983165545
nb,lrs,5,0.3846242111302352,0.3413721307946707,0.38694732190468967,0.3846242111302352,0.6517508923861491
rf,lrs,5,0.37053930005737234,0.3294400830281489,0.330073566275061,0.37053930005737234,0.6340679346523534
knn,lrs,5,0.40152036718301776,0.3661767083351714,0.3690851977503946,0.40152036718301776,0.6317884186699605
lr,lrs,5,0.451950659781985,0.35584967567157666,0.31304345713519066,0.451950659781985,0.6702358330974677
gb,lrs,5,0.36574870912220314,0.3325023982384435,0.3546612607366165,0.36574870912220314,0.6340948202554588
ab,lrs,5,0.3514916810097533,0.3120343568801667,0.42210257951872554,0.3514916810097533,0.6010784806404855
nb,tree,5,0.47845668387837065,0.44114877693596277,0.5049813494406235,0.47845668387837065,0.6687320167079255
rf,tree,5,0.4545324153757889,0.42635694015771647,0.42329699234381957,0.4545324153757889,0.623038046460155
knn,tree,5,0.3733218588640276,0.36811399368841397,0.3906500984980512,0.3733218588640276,0.5564965313961207
lr,tree,5,0.4808376362593229,0.4231849003127833,0.4094780494637903,0.4808376362593229,0.6729080924618852
gb,tree,5,0.404302925989673,0.3814397672589053,0.3742420321394261,0.404302925989673,0.6051306689951099
ab,tree,5,0.47619047619047616,0.4258223795039161,0.43762059868839376,0.47619047619047616,0.5951622924276616
nb,rfe,5,0.4736947791164658,0.42690316102662973,0.43795617750671967,0.4736947791164658,0.6842173298014774
rf,rfe,5,0.46901893287435464,0.4340044474358528,0.43395777400239455,0.46901893287435464,0.6418918124005357
knn,rfe,5,0.37343660355708547,0.36431034895035896,0.3785465843122289,0.37343660355708547,0.5895608515412006
lr,rfe,5,0.48803786574870917,0.4310443368541197,0.43559041263943915,0.48803786574870917,0.6844015418796242
gb,rfe,5,0.4331325301204819,0.4067860180147422,0.40223946919482667,0.4331325301204819,0.6168987065934637
ab,rfe,5,0.459495123350545,0.41804132247172543,0.41492606692603556,0.459495123350545,0.5910663137601355
nb,em,5,0.3485656913367757,0.3298729700910933,0.3574526282212022,0.3485656913367757,0.6444617516299771
rf,em,5,0.4279690189328743,0.4006937056425389,0.4098334255457413,0.4279690189328743,0.6495243728980669
knn,em,5,0.4424842226047045,0.4216837318001626,0.4410450132968024,0.4424842226047045,0.6427383550820688
lr,em,5,0.4400745840504877,0.3631620035171742,0.3698596593725433,0.4400745840504877,0.6545026739627742
gb,em,5,0.38012048192771086,0.3659456250047045,0.3707110361650582,0.38012048192771086,0.5986227606844741
ab,em,5,0.45206540447504306,0.3799580987506293,0.41832876985151435,0.45206540447504306,0.6193194230952248
nb,rfc,5,0.4736947791164658,0.42690316102662973,0.43795617750671967,0.4736947791164658,0.6842173298014774
rf,rfc,5,0.45940906483075156,0.4249961403598773,0.4204102921845365,0.45940906483075156,0.6345617844888057
knn,rfc,5,0.37343660355708547,0.36431034895035896,0.3785465843122289,0.37343660355708547,0.5895608515412006
lr,rfc,5,0.48803786574870917,0.4310443368541197,0.43559041263943915,0.48803786574870917,0.6844015418796242
gb,rfc,5,0.442685025817556,0.419594680646311,0.4151979273420662,0.442685025817556,0.6161166273312271
ab,rfc,5,0.459495123350545,0.41804132247172543,0.41492606692603556,0.459495123350545,0.5910663137601355
nb,muin,5,0.362679288582903,0.3494180046746487,0.4134733232352876,0.362679288582903,0.6528977256751595
rf,muin,5,0.442398164084911,0.4341321432106044,0.45892585861857904,0.442398164084911,0.6752436735689482
knn,muin,5,0.4352266207687895,0.43035336567571303,0.4609017991606774,0.4352266207687895,0.6491551324436787
lr,muin,5,0.4711130235226621,0.36757148866353934,0.33470772090923334,0.4711130235226621,0.6890090366178866
gb,muin,5,0.43267355134825014,0.4201236632183892,0.44025689818482505,0.43267355134825014,0.651023124281811
ab,muin,5,0.4543316121629375,0.38893625716293534,0.42218780325631206,0.4543316121629375,0.6204456444079522
nb,emm,5,0.3390992541594951,0.31784402616463137,0.3502856891858708,0.3390992541594951,0.6357052312876306
rf,emm,5,0.44001721170395863,0.4104903100347991,0.417476263323568,0.44001721170395863,0.628470827686717
knn,emm,5,0.4137693631669535,0.3853021971945366,0.38982400393152644,0.4137693631669535,0.6070943784995663
lr,emm,5,0.4135972461273666,0.35517786315276084,0.35183414307730854,0.4135972461273666,0.6453048639574076
gb,emm,5,0.38012048192771086,0.3610255078272585,0.36227439876400847,0.38012048192771086,0.5975791072453186
ab,emm,5,0.42085484796328176,0.37752664981007705,0.3907855145719663,0.42085484796328176,0.5994392206542016
nb,lrs,6,0.3845955249569707,0.35471642238109896,0.3830142130573723,0.3845955249569707,0.6574189342365108
rf,lrs,6,0.4088927137119908,0.40718020325364873,0.4178287115477679,0.4088927137119908,0.6543639766318933
knn,lrs,6,0.4187033849684452,0.4163697798127767,0.4623289689885871,0.4187033849684452,0.6520296888307808
lr,lrs,6,0.452122776821572,0.39009113004450874,0.39981626289032385,0.452122776821572,0.6736074418682865
gb,lrs,6,0.3967010900745841,0.37386621553749133,0.3789922818248604,0.3967010900745841,0.6262929713409816
ab,lrs,6,0.45938037865748715,0.3928548190634126,0.4295819374008216,0.45938037865748715,0.6296529797345365
nb,tree,6,0.46896156052782556,0.43145311379490303,0.4852815220482872,0.46896156052782556,0.6735263747242349
rf,tree,6,0.46161790017211696,0.430903312452549,0.4247127879664829,0.46161790017211696,0.6436682783968947
knn,tree,6,0.38777969018932873,0.38051374152719813,0.39513881784262395,0.38777969018932873,0.5949797017347105
lr,tree,6,0.48080895008605856,0.42201683764841225,0.40836828172792894,0.48080895008605856,0.6821318962671155
gb,tree,6,0.40906483075157773,0.3859080587342015,0.3793043587797517,0.40906483075157773,0.6140581811762039
ab,tree,6,0.4714859437751004,0.4251183509132709,0.4177487050610571,0.4714859437751004,0.5895080423633627
nb,rfe,6,0.46896156052782556,0.43145311379490303,0.4852815220482872,0.46896156052782556,0.6735263747242349
rf,rfe,6,0.45220883534136547,0.4205373549353085,0.4176071687292734,0.45220883534136547,0.6326317223941682
knn,rfe,6,0.38777969018932873,0.38051374152719813,0.39513881784262395,0.38777969018932873,0.5949797017347105
lr,rfe,6,0.48080895008605856,0.42201683764841225,0.40836828172792894,0.48080895008605856,0.6821318962671155
gb,rfe,6,0.41876075731497425,0.3946515372962726,0.38372595681596505,0.41876075731497425,0.6154475541112417
ab,rfe,6,0.4714859437751004,0.4251183509132709,0.4177487050610571,0.4714859437751004,0.5895080423633627
nb,em,6,0.4010327022375216,0.367480701925232,0.4218566759028094,0.4010327022375216,0.6712855045701666
rf,em,6,0.4615031554790591,0.44902621651625846,0.4633090595511865,0.4615031554790591,0.6731637869425798
knn,em,6,0.42584624211130234,0.4197889996466279,0.43330272095742417,0.42584624211130234,0.6447238277036332
lr,em,6,0.473350545037292,0.41137029068163267,0.4409081398359972,0.473350545037292,0.6945644069636537
gb,em,6,0.44231210556511763,0.4288407436281142,0.4482445875972257,0.44231210556511763,0.6400358205516662
ab,em,6,0.4424268502581755,0.3921940493556305,0.40878001438911227,0.4424268502581755,0.6237108333405951
nb,rfc,6,0.46896156052782556,0.43145311379490303,0.4852815220482872,0.46896156052782556,0.6735263747242349
rf,rfc,6,0.46173264486517496,0.43210825724436397,0.4275909525787192,0.46173264486517496,0.6488084798708231
knn,rfc,6,0.38777969018932873,0.38051374152719813,0.39513881784262395,0.38777969018932873,0.5949797017347105
lr,rfc,6,0.48080895008605856,0.42201683764841225,0.40836828172792894,0.48080895008605856,0.6821318962671155
gb,rfc,6,0.4187033849684452,0.3940043889368299,0.38723120852342013,0.4187033849684452,0.6174651353226255
ab,rfc,6,0.4714859437751004,0.4251183509132709,0.4177487050610571,0.4714859437751004,0.5895080423633627
nb,muin,6,0.35808950086058516,0.34664118887746553,0.3946449168056405,0.35808950086058516,0.6413172170954684
rf,muin,6,0.44234079173838203,0.42120413039430327,0.44278091921653945,0.44234079173838203,0.63718060336688
knn,muin,6,0.3994836488812393,0.3918805713731053,0.40267394387887806,0.3994836488812393,0.6177373785887587
lr,muin,6,0.4518359150889271,0.4031818075471498,0.4167402755857852,0.4518359150889271,0.6655971272577074
gb,muin,6,0.3897303499713138,0.364026207850327,0.38654927450176707,0.3897303499713138,0.6188977051249354
ab,muin,6,0.4065978198508319,0.38046491141503536,0.45744714786636215,0.4065978198508319,0.6119053225100586
nb,emm,6,0.36058519793459554,0.33985130280355763,0.38657497497054255,0.36058519793459554,0.6435732762486526
rf,emm,6,0.46881812966150316,0.4472542432789003,0.4819479739584369,0.46881812966150316,0.6684999978092832
knn,emm,6,0.442398164084911,0.4219757085688247,0.45559210356238805,0.442398164084911,0.6355417023685889
lr,emm,6,0.44254159495123346,0.38562931161509206,0.4078134886932029,0.44254159495123346,0.67559426229604
gb,emm,6,0.4519506597819851,0.43909810441479824,0.44729646248307364,0.4519506597819851,0.6445325066279133
ab,emm,6,0.4279403327596098,0.3846255606123844,0.39180586001805423,0.4279403327596098,0.6237910587208401
nb,lrs,7,0.3274239816408491,0.308100419912558,0.3374270047909435,0.3274239816408491,0.6217034490494415
rf,lrs,7,0.4161503155479059,0.4142128095488823,0.42694132699339854,0.4161503155479059,0.6476086771483821
knn,lrs,7,0.42355134825014346,0.41982934129149224,0.4560396356182439,0.42355134825014346,0.6313297580552366
lr,lrs,7,0.4473321858864027,0.3819272491625273,0.3907995654915266,0.4473321858864027,0.6670658097042386
gb,lrs,7,0.37289156626506026,0.35242572019033064,0.35852529330943794,0.37289156626506026,0.6181006486781093
ab,lrs,7,0.45938037865748715,0.3928548190634126,0.4295819374008216,0.45938037865748715,0.6296529797345365
nb,tree,7,0.3439472174411934,0.34274153362606263,0.47101176311103254,0.3439472174411934,0.6426753797894579
rf,tree,7,0.47134251290877793,0.43758019062066433,0.43916292290283954,0.47134251290877793,0.6566739637857882
knn,tree,7,0.41391279403327597,0.39876142745984566,0.4085819147071531,0.41391279403327597,0.6002382408315207
lr,tree,7,0.48080895008605856,0.4233932842646958,0.40951069921192984,0.48080895008605856,0.6821140108614752
gb,tree,7,0.43057946069994263,0.4137714579342324,0.4207222533558972,0.43057946069994263,0.6348290620873637
ab,tree,7,0.44030407343660355,0.40387026679255006,0.3859595809505722,0.44030407343660355,0.5798967985633368
nb,rfe,7,0.3559093516924843,0.35378182858143364,0.4792138565200232,0.3559093516924843,0.6346192376672181
rf,rfe,7,0.4713711990820425,0.4297952375517827,0.4278235180978748,0.4713711990820425,0.65246382419822
knn,rfe,7,0.423407917383821,0.412508326236478,0.4243251343299361,0.423407917383821,0.6046945843992088
lr,rfe,7,0.4856282271944923,0.4381040435677851,0.47708210608678653,0.4856282271944923,0.6827640867402309
gb,rfe,7,0.433017785427424,0.4212247893812323,0.43266000093274526,0.433017785427424,0.630839222816973
ab,rfe,7,0.46173264486517496,0.41433686660483726,0.472730007307133,0.46173264486517496,0.6086226337425659
nb,em,7,0.3820424555364314,0.3555896610914276,0.41974820690752124,0.3820424555364314,0.6670906264979765
rf,em,7,0.47842799770510613,0.4533637845185212,0.4575702033772616,0.47842799770510613,0.6646395674573162
knn,em,7,0.45958118187033853,0.4472627112017208,0.4820204482148272,0.45958118187033853,0.6594574656252115
lr,em,7,0.4542742398164085,0.3900386113894142,0.3968982291789704,0.4542742398164085,0.6916367782460394
gb,em,7,0.42085484796328165,0.4012391594060965,0.41293155844001034,0.42085484796328165,0.6397215802359707
ab,em,7,0.46167527251864604,0.4352057752255856,0.5145850833394556,0.46167527251864604,0.6203856918919963
nb,rfc,7,0.3439472174411934,0.34274153362606263,0.47101176311103254,0.3439472174411934,0.6426753797894579
rf,rfc,7,0.46164658634538147,0.43203538100449057,0.435874325313726,0.46164658634538147,0.6663547667746533
knn,rfc,7,0.41391279403327597,0.39876142745984566,0.4085819147071531,0.41391279403327597,0.6002382408315207
lr,rfc,7,0.48080895008605856,0.4233932842646958,0.40951069921192984,0.48080895008605856,0.6821140108614752
gb,rfc,7,0.4185886402753873,0.3965503042822486,0.39925615763546796,0.4185886402753873,0.627031489342105
ab,rfc,7,0.44030407343660355,0.40387026679255006,0.3859595809505722,0.44030407343660355,0.5798967985633368
nb,muin,7,0.3366896156052782,0.32865630362041315,0.3908156014437135,0.3366896156052782,0.6392383883767152
rf,muin,7,0.4877510040160643,0.4585368925368879,0.5057119393974844,0.4877510040160643,0.6641544745146908
knn,muin,7,0.4306081468732071,0.4184029947897141,0.4385644583977909,0.4306081468732071,0.6291926988960665
lr,muin,7,0.45438898450946646,0.40101840397162414,0.453436730789905,0.45438898450946646,0.6809889717053652
gb,muin,7,0.44222604704532414,0.42832121682887614,0.4687225731068117,0.44222604704532414,0.6357015675792719
ab,muin,7,0.4519793459552496,0.4201765578699663,0.48838538793369046,0.4519793459552496,0.6172784432967896
nb,emm,7,0.3820424555364314,0.3555896610914276,0.41974820690752124,0.3820424555364314,0.6670906264979765
rf,emm,7,0.47604704532415376,0.4482235293374117,0.4486861098183092,0.47604704532415376,0.672332771323974
knn,emm,7,0.45958118187033853,0.4472627112017208,0.4820204482148272,0.45958118187033853,0.6594574656252115
lr,emm,7,0.4542742398164085,0.3900386113894142,0.3968982291789704,0.4542742398164085,0.6916367782460394
gb,emm,7,0.4256741250717154,0.4074085709711782,0.430602232737911,0.4256741250717154,0.644458972133735
ab,emm,7,0.46167527251864604,0.4352057752255856,0.5145850833394556,0.46167527251864604,0.6203856918919963
nb,lrs,8,0.3512621916236375,0.34451531472188457,0.38722419408773523,0.3512621916236375,0.6309939251905883
rf,lrs,8,0.444750430292599,0.4248322203004168,0.4354683189719465,0.444750430292599,0.6522305788244693
knn,lrs,8,0.4497418244406196,0.4421712679980092,0.4511116450487801,0.4497418244406196,0.6299946275422326
lr,lrs,8,0.451950659781985,0.39799509079568807,0.40718975215519393,0.451950659781985,0.6797666295332786
gb,lrs,8,0.3824153757888698,0.36495285251729154,0.3787473200714941,0.3824153757888698,0.624164575933748
ab,lrs,8,0.41629374641422834,0.36688777997081135,0.4568002711332279,0.41629374641422834,0.6185385442872381
nb,tree,8,0.33198508318990244,0.32719805199895097,0.37636906333855286,0.33198508318990244,0.6366104685510227
rf,tree,8,0.47619047619047616,0.43839904467424,0.43498147577720025,0.47619047619047616,0.6736472811706573
knn,tree,8,0.42352266207687894,0.4168394460351739,0.4281699696343302,0.42352266207687894,0.6325668318252297
lr,tree,8,0.4879518072289157,0.43922926079176283,0.4407502637671924,0.4879518072289157,0.6834747803124299
gb,tree,8,0.43307515777395295,0.41952767281633213,0.4355653740865229,0.43307515777395295,0.636194199250459
ab,tree,8,0.4688755020080321,0.4309529119844287,0.4667667882652822,0.4688755020080321,0.6259229007966086
nb,rfe,8,0.32707974756167524,0.3309666460764122,0.38036709802377133,0.32707974756167524,0.6324212912265011
rf,rfe,8,0.47854274239816413,0.4410291973337574,0.450130497454749,0.47854274239816413,0.6656230316808244
knn,rfe,8,0.3780263912794033,0.36987545532526145,0.3828341735864797,0.3780263912794033,0.584208865795438
lr,rfe,8,0.4903614457831325,0.4430568066673783,0.4883729086220293,0.4903614457831325,0.6799940736684151
gb,rfe,8,0.4281411359724613,0.4168367276562569,0.4420781028894093,0.4281411359724613,0.6370703016274887
ab,rfe,8,0.43298909925415946,0.3795013512306576,0.37461201463525007,0.43298909925415946,0.6001392714572835
nb,em,8,0.3652610441767068,0.35168129280491095,0.41406823619366584,0.3652610441767068,0.6591382760478
rf,em,8,0.46411359724612733,0.43299018976728154,0.4602627710690488,0.46411359724612733,0.6843202223499096
knn,em,8,0.4475903614457831,0.43363957321995406,0.4654945428403076,0.4475903614457831,0.64166788031442
lr,em,8,0.4614744693057946,0.4031079259474569,0.4437581924144009,0.4614744693057946,0.6885381704868265
gb,em,8,0.43995983935742977,0.42384993972443297,0.4338973597665225,0.43995983935742977,0.6436848901374261
ab,em,8,0.46167527251864604,0.4352057752255856,0.5145850833394556,0.46167527251864604,0.6203856918919963
nb,rfc,8,0.33198508318990244,0.32719805199895097,0.37636906333855286,0.33198508318990244,0.6366104685510227
rf,rfc,8,0.4761044176706827,0.4382576314839337,0.42567746175865684,0.4761044176706827,0.67027776110968
knn,rfc,8,0.42352266207687894,0.4168394460351739,0.4281699696343302,0.42352266207687894,0.6325668318252297
lr,rfc,8,0.4879518072289157,0.43922926079176283,0.4407502637671924,0.4879518072289157,0.6834747803124299
gb,rfc,8,0.4283419391853127,0.41657725923439193,0.4336704750398853,0.4283419391853127,0.6419338437149122
ab,rfc,8,0.4688755020080321,0.4309529119844287,0.4667667882652822,0.4688755020080321,0.6259229007966086
nb,muin,8,0.37030981067125646,0.36651555834725696,0.45488622070951895,0.37030981067125646,0.6403853091904406
rf,muin,8,0.4782558806655192,0.4516123317200136,0.4685062853457862,0.4782558806655192,0.6853839497469855
knn,muin,8,0.4376649454962708,0.42903464213614084,0.45674474061636144,0.4376649454962708,0.6337881420696763
lr,muin,8,0.4662937464142283,0.41651012518551705,0.42046755228035637,0.4662937464142283,0.6892372037736127
gb,muin,8,0.42816982214572585,0.41391245302308743,0.43982244304534834,0.42816982214572585,0.6416594950605862
ab,muin,8,0.4135685599541021,0.38939387394019837,0.47503687005660405,0.4135685599541021,0.6191384150555544
nb,emm,8,0.3652610441767068,0.35168129280491095,0.41406823619366584,0.3652610441767068,0.6591382760478
rf,emm,8,0.48086632243258753,0.45454025984480967,0.45449477688583606,0.48086632243258753,0.6879834562393768
knn,emm,8,0.4475903614457831,0.43363957321995406,0.4654945428403076,0.4475903614457831,0.64166788031442
lr,emm,8,0.4614744693057946,0.4031079259474569,0.4437581924144009,0.4614744693057946,0.6885381704868265
gb,emm,8,0.4303212851405623,0.41427234664315515,0.42429526801523243,0.4303212851405623,0.643783604269981
ab,emm,8,0.46167527251864604,0.4352057752255856,0.5145850833394556,0.46167527251864604,0.6203856918919963
nb,lrs,9,0.3584624211130235,0.35389904020225077,0.39875280676851965,0.3584624211130235,0.6309298077121797
rf,lrs,9,0.43298909925415946,0.41408758542241103,0.41283501876227663,0.43298909925415946,0.6688672062575272
knn,lrs,9,0.45929432013769367,0.45458998204830603,0.4683045194435234,0.45929432013769367,0.6325000330366287
lr,lrs,9,0.4448078026391279,0.38870727920319137,0.40416538364373633,0.4448078026391279,0.677636302448561
gb,lrs,9,0.3824440619621342,0.3624217291087173,0.37144612358848966,0.3824440619621342,0.6146543635186976
ab,lrs,9,0.4424555364314401,0.4106708094853154,0.4539402998824314,0.4424555364314401,0.6186863162114988
nb,tree,9,0.33178427997705107,0.33895690784381194,0.385392225260117,0.33178427997705107,0.6453825898152052
rf,tree,9,0.4737234652897303,0.42940782614688067,0.45438640658069807,0.4737234652897303,0.668489688573179
knn,tree,9,0.40450372920252436,0.3943277194022298,0.41297189960000963,0.40450372920252436,0.6093251223432699
lr,tree,9,0.4808663224325874,0.43077353276879815,0.46868098923708124,0.4808663224325874,0.6778446960205404
gb,tree,9,0.45444635685599544,0.4316526045903422,0.433612105530608,0.45444635685599544,0.6464178953091898
ab,tree,9,0.43760757314974175,0.4055728039961669,0.39477132778060076,0.43760757314974175,0.5929118607522228
nb,rfe,9,0.3054503729202524,0.31886854948656734,0.37013243244944827,0.3054503729202524,0.6242416456637526
rf,rfe,9,0.4833333333333333,0.4579971540702813,0.47768157965725794,0.4833333333333333,0.6712777702031805
knn,rfe,9,0.3804073436603557,0.3728619418346569,0.39386725657165733,0.3804073436603557,0.592536266061274
lr,rfe,9,0.48562822719449217,0.4399343525898206,0.46662868871184077,0.48562822719449217,0.6787591086078234
gb,rfe,9,0.4281985083189902,0.4099836929875189,0.4345830398855307,0.4281985083189902,0.6441723786947708
ab,rfe,9,0.4378370625358577,0.37883992844963177,0.3797754531805693,0.4378370625358577,0.5969562297365341
nb,em,9,0.34133677567412507,0.32754105508949893,0.4003304590351826,0.34133677567412507,0.6573034254174003
rf,em,9,0.4568273092369477,0.4348396886062901,0.43877513188937456,0.4568273092369477,0.6750475908329416
knn,em,9,0.47848537005163505,0.4632365224763132,0.4729152413991652,0.47848537005163505,0.6519030184051473
lr,em,9,0.45186460126219163,0.39803913715245104,0.4083611489217108,0.45186460126219163,0.6917996390445189
gb,em,9,0.4375788869764773,0.4183920689721431,0.431133081925928,0.4375788869764773,0.6477286069511384
ab,em,9,0.46167527251864604,0.4352057752255856,0.5145850833394556,0.46167527251864604,0.6203856918919963
nb,rfc,9,0.3054503729202524,0.31886854948656734,0.37013243244944827,0.3054503729202524,0.6242416456637526
rf,rfc,9,0.46890418818129664,0.4349610871283378,0.4486969680037111,0.46890418818129664,0.6627304036605765
knn,rfc,9,0.3804073436603557,0.3728619418346569,0.39386725657165733,0.3804073436603557,0.592536266061274
lr,rfc,9,0.48562822719449217,0.4399343525898206,0.46662868871184077,0.48562822719449217,0.6787591086078234
gb,rfc,9,0.44021801491681006,0.425840430457397,0.45331345077382385,0.44021801491681006,0.6397773413688989
ab,rfc,9,0.4378370625358577,0.37883992844963177,0.3797754531805693,0.4378370625358577,0.5969562297365341
nb,muin,9,0.3508892713711991,0.3441874398024772,0.39217975465653965,0.3508892713711991,0.6426040494038474
rf,muin,9,0.49257028112449797,0.4689708599375296,0.5068504460519085,0.49257028112449797,0.694183357563782
knn,muin,9,0.47845668387837054,0.46585709037685613,0.5002326787203043,0.47845668387837054,0.6486464997772599
lr,muin,9,0.4591508892713712,0.4088404001508459,0.41321090536715605,0.4591508892713712,0.6869698344173883
gb,muin,9,0.4447791164658634,0.4300676810699634,0.4846066477938914,0.4447791164658634,0.6458398681950785
ab,muin,9,0.44486517498565686,0.4211522657022847,0.4990324097296387,0.44486517498565686,0.6170824630001482
nb,emm,9,0.34133677567412507,0.32754105508949893,0.4003304590351826,0.34133677567412507,0.6573034254174003
rf,emm,9,0.4687894434882387,0.4427486750202666,0.44717825364652775,0.4687894434882387,0.6826158209879936
knn,emm,9,0.47848537005163505,0.4632365224763132,0.4729152413991652,0.47848537005163505,0.6519030184051473
lr,emm,9,0.45186460126219163,0.39803913715245104,0.4083611489217108,0.45186460126219163,0.6917996390445189
gb,emm,9,0.4351692484222605,0.41715052023421223,0.43103580446981155,0.4351692484222605,0.645558252774563
ab,emm,9,0.46167527251864604,0.4352057752255856,0.5145850833394556,0.46167527251864604,0.6203856918919963
nb,lrs,10,0.3488238668961561,0.34301538922883335,0.3811299964559177,0.3488238668961561,0.6244601764078838
rf,lrs,10,0.4569420539300058,0.4294720321691985,0.4287537146217374,0.4569420539300058,0.6719668739867968
knn,lrs,10,0.44033275960986806,0.4334945211519183,0.43629568736332625,0.44033275960986806,0.6240209025338761
lr,lrs,10,0.4615605278255881,0.4071681493607354,0.4189259669755142,0.4615605278255881,0.6840919608577607
gb,lrs,10,0.4111589213998853,0.3966448946300921,0.4081418556104442,0.4111589213998853,0.6353246135465435
ab,lrs,10,0.4569994262765348,0.4245317864649486,0.46650471620682854,0.4569994262765348,0.612684221238277
nb,tree,10,0.2912507171543316,0.3103407151599926,0.3628149175035241,0.2912507171543316,0.6237653860419682
rf,tree,10,0.4664945496270797,0.4304971064351594,0.4561609658702773,0.4664945496270797,0.6646832567028443
knn,tree,10,0.4187033849684452,0.4054091595689043,0.4148379222277237,0.4187033849684452,0.6215979068567965
lr,tree,10,0.4832185886402754,0.4382297121149746,0.455073973679356,0.4832185886402754,0.6768066045656979
gb,tree,10,0.4665806081468732,0.4484606509894512,0.4686966560697086,0.4665806081468732,0.654493386262339
ab,tree,10,0.442570281124498,0.40245257000533874,0.41113977031446913,0.442570281124498,0.5984867756475596
nb,rfe,10,0.2912507171543316,0.3103407151599926,0.3628149175035241,0.2912507171543316,0.6237653860419682
rf,rfe,10,0.4640849110728629,0.42592358332040625,0.4476275949580061,0.4640849110728629,0.667928449036344
knn,rfe,10,0.4187033849684452,0.4054091595689043,0.4148379222277237,0.4187033849684452,0.6215979068567965
lr,rfe,10,0.4832185886402754,0.4382297121149746,0.455073973679356,0.4832185886402754,0.6768066045656979
gb,rfe,10,0.46896156052782556,0.448206927293477,0.4697785980463922,0.46896156052782556,0.6550050511366969
ab,rfe,10,0.442570281124498,0.40245257000533874,0.41113977031446913,0.442570281124498,0.5984867756475596
nb,em,10,0.3604417670682731,0.3523438168589023,0.4205452892409497,0.3604417670682731,0.6533967756750857
rf,em,10,0.47134251290877793,0.44265415980100514,0.4532514622889977,0.47134251290877793,0.6730954226792644
knn,em,10,0.4592656339644291,0.4424931011275809,0.4582484893612381,0.4592656339644291,0.6358060249683708
lr,em,10,0.454245553643144,0.4014766869083527,0.41435905766205644,0.454245553643144,0.6908437633867809
gb,em,10,0.43043602983362017,0.4189257628600286,0.4374524995279828,0.43043602983362017,0.6321401204579271
ab,em,10,0.4569133677567413,0.4307653177239036,0.509902543656916,0.4569133677567413,0.6217816135033941
nb,rfc,10,0.2912507171543316,0.3103407151599926,0.3628149175035241,0.2912507171543316,0.6237653860419682
rf,rfc,10,0.4832472748135398,0.44569754245530985,0.4682098216705658,0.4832472748135398,0.6634816157867068
knn,rfc,10,0.4187033849684452,0.4054091595689043,0.4148379222277237,0.4187033849684452,0.6215979068567965
lr,rfc,10,0.4832185886402754,0.4382297121149746,0.455073973679356,0.4832185886402754,0.6768066045656979
gb,rfc,10,0.4377796901893287,0.42327261374899183,0.4409577672564531,0.4377796901893287,0.654747208235007
ab,rfc,10,0.442570281124498,0.40245257000533874,0.41113977031446913,0.442570281124498,0.5984867756475596
nb,muin,10,0.3317269076305221,0.3419587697902874,0.3963591152363001,0.3317269076305221,0.6429199876444776
rf,muin,10,0.4829030407343661,0.45376485256652643,0.5038457306860922,0.4829030407343661,0.6965693522697165
knn,muin,10,0.44030407343660355,0.4297890878713287,0.4563996901178188,0.44030407343660355,0.6478860088172806
lr,muin,10,0.463855421686747,0.4103952299102205,0.4220057552111659,0.463855421686747,0.697026236087631
gb,muin,10,0.4469879518072289,0.43690891859883,0.4964866208462538,0.4469879518072289,0.6508110208658225
ab,muin,10,0.4591795754446356,0.42092866841743337,0.5045780258153603,0.4591795754446356,0.6185345036916224
nb,emm,10,0.34133677567412507,0.3267222571835817,0.3803500684269557,0.34133677567412507,0.6576397074820929
rf,emm,10,0.46402753872633395,0.43296789094510163,0.45896016541594503,0.46402753872633395,0.6754590786955981
knn,emm,10,0.46899024670109013,0.4521970265469406,0.4687982478792838,0.46899024670109013,0.6291655832897722
lr,emm,10,0.45186460126219163,0.3975175235468818,0.4046427153893027,0.45186460126219163,0.689186295674262
gb,emm,10,0.4447791164658634,0.4273565418848607,0.44199159577437114,0.4447791164658634,0.6509059368446689
ab,emm,10,0.46167527251864604,0.4352057752255856,0.5145850833394556,0.46167527251864604,0.6203856918919963
nb,lrs,11,0.34647160068846816,0.34043136601986157,0.39202414084773307,0.34647160068846816,0.6245412587296094
rf,lrs,11,0.471285140562249,0.4466661383718824,0.45469337276430954,0.471285140562249,0.6660121056063575
knn,lrs,11,0.43316121629374643,0.4241767212274807,0.43017494103481263,0.43316121629374643,0.6166754033806827
lr,lrs,11,0.4591508892713712,0.4058308553906754,0.4176495988789834,0.4591508892713712,0.6827893713440182
gb,lrs,11,0.4064543889845095,0.38823800685467535,0.4037917274835131,0.4064543889845095,0.6324317973543582
ab,lrs,11,0.4569994262765348,0.4245317864649486,0.46650471620682854,0.4569994262765348,0.612684221238277
nb,tree,11,0.29601262191623634,0.31750890399292453,0.37744516048895976,0.29601262191623634,0.632388922642137
rf,tree,11,0.48800917957544465,0.46048823705039404,0.4976032117904846,0.48800917957544465,0.6893468508365628
knn,tree,11,0.4522088353413654,0.43614188054464914,0.4691880493821502,0.4522088353413654,0.6525301927226136
lr,tree,11,0.44956970740103275,0.3979621261170632,0.41336493875879,0.44956970740103275,0.6837613129858635
gb,tree,11,0.43760757314974186,0.41612147550477,0.4663481249775165,0.43760757314974186,0.6488406004251173
ab,tree,11,0.44520940906483075,0.4054862819285816,0.42886986135177185,0.44520940906483075,0.6133489673235715
nb,rfe,11,0.28637406769936885,0.30870409775777274,0.3697533426231077,0.28637406769936885,0.6233919631428501
rf,rfe,11,0.490447504302926,0.453928633251749,0.48133198792285725,0.490447504302926,0.6803559853294968
knn,rfe,11,0.4258175559380379,0.41615427389789444,0.4284282324333691,0.4258175559380379,0.6250486410407577
lr,rfe,11,0.4713138267355134,0.4307626153043803,0.4557454577438624,0.4713138267355134,0.6734648681993902
gb,rfe,11,0.4378657487091222,0.4145969009664988,0.42590575154807964,0.4378657487091222,0.6425023605715288
ab,rfe,11,0.452122776821572,0.40601635913945755,0.41240999766743,0.452122776821572,0.5948097071113738
nb,em,11,0.3387550200803212,0.3405136238044329,0.41147134618194914,0.3387550200803212,0.6586003590590221
rf,em,11,0.4736374067699368,0.45285178884999694,0.487562897018039,0.4736374067699368,0.6720114004705697
knn,em,11,0.47854274239816413,0.4612314665785381,0.47312042878909083,0.47854274239816413,0.6432538425696819
lr,em,11,0.463798049340218,0.4116691334453968,0.4337640120102619,0.463798049340218,0.6981059545416176
gb,em,11,0.4448078026391279,0.42792471729276294,0.4549961522317198,0.4448078026391279,0.6377557860462633
ab,em,11,0.4569133677567413,0.4307653177239036,0.509902543656916,0.4569133677567413,0.6217816135033941
nb,rfc,11,0.28637406769936885,0.30870409775777274,0.3697533426231077,0.28637406769936885,0.6233919631428501
rf,rfc,11,0.4688755020080321,0.4360614812054459,0.47596147076580575,0.4688755020080321,0.6780290113367763
knn,rfc,11,0.4258175559380379,0.41615427389789444,0.4284282324333691,0.4258175559380379,0.6250486410407577
lr,rfc,11,0.4713138267355134,0.4307626153043803,0.4557454577438624,0.4713138267355134,0.6734648681993902
gb,rfc,11,0.4283132530120482,0.40519578847609833,0.4182107977422689,0.4283132530120482,0.643572573895928
ab,rfc,11,0.452122776821572,0.40601635913945755,0.41240999766743,0.452122776821572,0.5948097071113738
nb,muin,11,0.30565117613310383,0.3359421971244098,0.44734413916534355,0.30565117613310383,0.6407528898143748
rf,muin,11,0.5045324153757889,0.4791039375013467,0.515024959545809,0.5045324153757889,0.6868049216822656
knn,muin,11,0.49279977051061385,0.48186668347414285,0.505217275343093,0.49279977051061385,0.6785424475430077
lr,muin,11,0.4662076878944349,0.40860494308078393,0.40490992232418765,0.4662076878944349,0.6994011234194236
gb,muin,11,0.41835915088927134,0.40001863067120913,0.4340564643093619,0.41835915088927134,0.642621000167539
ab,muin,11,0.4592369477911646,0.426076016098982,0.4963235524853541,0.4592369477911646,0.614254577316983
nb,emm,11,0.3316695352839931,0.338035967130126,0.4105044705306632,0.3316695352839931,0.6588130306000073
rf,emm,11,0.4495410212277681,0.4279386457107875,0.44308591134064307,0.4495410212277681,0.6836739469307027
knn,emm,11,0.5166666666666667,0.5015884918681068,0.5208869453367224,0.5166666666666667,0.655813915833248
lr,emm,11,0.45186460126219163,0.3962080081909512,0.4141618306540781,0.45186460126219163,0.6982065666577465
gb,emm,11,0.4496844520940906,0.4297694414290083,0.45696261095537655,0.4496844520940906,0.6391437668053624
ab,emm,11,0.4569133677567413,0.43022124848682514,0.5116353478897202,0.4569133677567413,0.6216055077194186
nb,lrs,12,0.3441193344807803,0.33837587938000474,0.4012487641427926,0.3441193344807803,0.6327612075913861
rf,lrs,12,0.5071141709695927,0.4741230910331876,0.4799276692665959,0.5071141709695927,0.6772168892030777
knn,lrs,12,0.452122776821572,0.4430196021487619,0.45418276559100806,0.452122776821572,0.6331522640586698
lr,lrs,12,0.45444635685599544,0.4008192677542315,0.4184846321428827,0.45444635685599544,0.6907767207644449
gb,lrs,12,0.4209982788296041,0.399999257968057,0.4399775104040161,0.4209982788296041,0.6372937992566297
ab,lrs,12,0.45714285714285713,0.41761008653832643,0.46844847747664187,0.45714285714285713,0.6143534550970902
nb,tree,12,0.27685025817555936,0.29760833951959115,0.3573829387108091,0.27685025817555936,0.6313730291609271
rf,tree,12,0.48075157773952953,0.4448452038784537,0.48525220429309107,0.48075157773952953,0.6830464793656311
knn,tree,12,0.4354847963281697,0.427707427317619,0.46185174357148007,0.4354847963281697,0.645129566842402
lr,tree,12,0.44483648881239246,0.39484436806759843,0.4094940362376536,0.44483648881239246,0.6796535632747492
gb,tree,12,0.4327596098680436,0.41632320273129625,0.454741489836754,0.4327596098680436,0.6415222828240892
ab,tree,12,0.44520940906483075,0.404978740308508,0.42923876780763487,0.44520940906483075,0.6125722567480071
nb,rfe,12,0.27685025817555936,0.29760833951959115,0.3573829387108091,0.27685025817555936,0.6313730291609271
rf,rfe,12,0.49036144578313257,0.4564764967291173,0.5051394731478284,0.49036144578313257,0.6940117363563443
knn,rfe,12,0.4354847963281697,0.427707427317619,0.46185174357148007,0.4354847963281697,0.645129566842402
lr,rfe,12,0.44483648881239246,0.39484436806759843,0.4094940362376536,0.44483648881239246,0.6796535632747492
gb,rfe,12,0.42317842799770505,0.40642419166095844,0.4478258413096173,0.42317842799770505,0.6393647308502638
ab,rfe,12,0.44520940906483075,0.404978740308508,0.42923876780763487,0.44520940906483075,0.6125722567480071
nb,em,12,0.3363740676993689,0.34568512501712007,0.42265164138398,0.3363740676993689,0.6534073222032027
rf,em,12,0.4759323006310957,0.45463650601505634,0.47356884419479084,0.4759323006310957,0.6889152327475074
knn,em,12,0.46167527251864604,0.4581942383187987,0.4876425811513423,0.46167527251864604,0.6510733214371098
lr,em,12,0.45903614457831327,0.4115635378614607,0.4605673797183639,0.45903614457831327,0.6965824967565502
gb,em,12,0.41603557085484794,0.4004063931730604,0.435163606624398,0.41603557085484794,0.625302600515009
ab,em,12,0.454417670682731,0.41132896843573546,0.48710830020597146,0.454417670682731,0.6147643187315804
nb,rfc,12,0.27685025817555936,0.29760833951959115,0.3573829387108091,0.27685025817555936,0.6313730291609271
rf,rfc,12,0.48310384394721745,0.45044095926807615,0.4912138461700761,0.48310384394721745,0.6949104770494519
knn,rfc,12,0.4354847963281697,0.427707427317619,0.46185174357148007,0.4354847963281697,0.645129566842402
lr,rfc,12,0.44483648881239246,0.39484436806759843,0.4094940362376536,0.44483648881239246,0.6796535632747492
gb,rfc,12,0.42317842799770505,0.40757232324654014,0.4488513419841289,0.42317842799770505,0.6447344554096789
ab,rfc,12,0.44520940906483075,0.404978740308508,0.42923876780763487,0.44520940906483075,0.6125722567480071
nb,muin,12,0.3150889271371199,0.31237813041329027,0.37549740820850536,0.3150889271371199,0.6285915559787518
rf,muin,12,0.5047619047619047,0.47681594665148025,0.4860904298225913,0.5047619047619047,0.691439538641592
knn,muin,12,0.45436029833620195,0.44827398706698435,0.4966427509072531,0.45436029833620195,0.6319803066040672
lr,muin,12,0.46620768789443484,0.4209310575201589,0.4629669571656039,0.46620768789443484,0.6870917030903154
gb,muin,12,0.41603557085484794,0.4028363590715397,0.43626874437890517,0.41603557085484794,0.6343826610445438
ab,muin,12,0.4520367183017785,0.41424289168424666,0.48778434333770376,0.4520367183017785,0.6196879504063892
nb,emm,12,0.31965002868617326,0.3266197737780229,0.4058074157595155,0.31965002868617326,0.6538130589234213
rf,emm,12,0.47848537005163505,0.4500339095923499,0.48413291073792414,0.47848537005163505,0.6892984447952941
knn,emm,12,0.4760183591508893,0.4654712942862253,0.47774757133762275,0.4760183591508893,0.6596728579548874
lr,emm,12,0.4591508892713712,0.40553931721810005,0.41131537315104405,0.4591508892713712,0.6996596187353452
gb,emm,12,0.4567412507171543,0.4390615418018247,0.49506489623400124,0.4567412507171543,0.6495209836637882
ab,emm,12,0.46199082042455536,0.43217587759445725,0.475032905748045,0.46199082042455536,0.6313512472819397
nb,lrs,13,0.3465002868617327,0.3474612141326377,0.4204320623953768,0.3465002868617327,0.6350940861701193
rf,lrs,13,0.4760470453241538,0.4465780423431087,0.45061987383106245,0.4760470453241538,0.686621103132798
knn,lrs,13,0.4474756167527252,0.44501466340582124,0.45969596468257495,0.4474756167527252,0.6430379218381036
lr,lrs,13,0.45444635685599544,0.4002909935380946,0.4181167727828637,0.45444635685599544,0.6894408003141239
gb,lrs,13,0.4377796901893287,0.42568408287495635,0.4568393232528586,0.4377796901893287,0.6459125996989539
ab,lrs,13,0.45714285714285713,0.4171025449182529,0.4688173839325048,0.45714285714285713,0.6135767445215257
nb,tree,13,0.2959552495697074,0.3151731462014554,0.3875844471748893,0.2959552495697074,0.6328614181758037
rf,tree,13,0.48803786574870917,0.4533603062945909,0.49247647335583977,0.48803786574870917,0.7004846109137282
knn,tree,13,0.46896156052782556,0.46423088014233044,0.47949058453471916,0.46896156052782556,0.6882006567425984
lr,tree,13,0.4495983935742972,0.39508424447002477,0.41650393578788175,0.4495983935742972,0.6853074276304206
gb,tree,13,0.4279690189328743,0.4117894047610893,0.4451538161361624,0.4279690189328743,0.6392196175812914
ab,tree,13,0.45235226620768787,0.41487486126126677,0.44184929672455475,0.45235226620768787,0.613531964001048
nb,rfe,13,0.2959552495697074,0.3151731462014554,0.3875844471748893,0.2959552495697074,0.6328614181758037
rf,rfe,13,0.497705106138841,0.46299230485416787,0.49025247358939267,0.497705106138841,0.7075023299207088
knn,rfe,13,0.46896156052782556,0.46423088014233044,0.47949058453471916,0.46896156052782556,0.6882006567425984
lr,rfe,13,0.4495983935742972,0.39508424447002477,0.41650393578788175,0.4495983935742972,0.6853074276304206
gb,rfe,13,0.4280263912794033,0.4115875037830074,0.4457507761566021,0.4280263912794033,0.6490503621524953
ab,rfe,13,0.45235226620768787,0.41487486126126677,0.44184929672455475,0.45235226620768787,0.613531964001048
nb,em,13,0.30768789443488237,0.3146381655036786,0.37587985070988056,0.30768789443488237,0.6487526418664716
rf,em,13,0.49756167527251866,0.4712066743635225,0.5140277934943375,0.49756167527251866,0.702154472964678
knn,em,13,0.47616179001721165,0.4655151988139871,0.47395661681734635,0.47616179001721165,0.655072411176425
lr,em,13,0.463855421686747,0.4199119130130337,0.4754953039541614,0.463855421686747,0.6987232476363826
gb,em,13,0.4400745840504877,0.42927989214157974,0.4615359552672055,0.4400745840504877,0.6592578275615768
ab,em,13,0.4618760757314974,0.42458402082242747,0.4503813817170415,0.4618760757314974,0.6138202728751504
nb,rfc,13,0.2959552495697074,0.3151731462014554,0.3875844471748893,0.2959552495697074,0.6328614181758037
rf,rfc,13,0.49753298909925414,0.4642999711117734,0.4979148537288493,0.49753298909925414,0.6964927963737795
knn,rfc,13,0.46896156052782556,0.46423088014233044,0.47949058453471916,0.46896156052782556,0.6882006567425984
lr,rfc,13,0.4495983935742972,0.39508424447002477,0.41650393578788175,0.4495983935742972,0.6853074276304206
gb,rfc,13,0.40877796901893293,0.3922524891022544,0.4237922578558909,0.40877796901893293,0.6392454477559353
ab,rfc,13,0.45235226620768787,0.41487486126126677,0.44184929672455475,0.45235226620768787,0.613531964001048
nb,muin,13,0.2887837062535858,0.306791195031782,0.395597286393165,0.2887837062535858,0.6321882348151036
rf,muin,13,0.49262765347102705,0.4621621660372008,0.4898449122187868,0.49262765347102705,0.6791975135139039
knn,muin,13,0.46161790017211707,0.4538478752539029,0.4977388860205475,0.46161790017211707,0.6493311183606837
lr,muin,13,0.47816982214572573,0.4266760367092421,0.49233388862176347,0.47816982214572573,0.6949480441900815
gb,muin,13,0.4256454388984509,0.4150495321244942,0.4602803107274772,0.4256454388984509,0.6371583770275634
ab,muin,13,0.45441767068273087,0.4171283029408067,0.492051807899286,0.45441767068273087,0.6179263052166922
nb,emm,13,0.31729776247848535,0.32558746116682596,0.4037153253855596,0.31729776247848535,0.6522602465262606
rf,emm,13,0.5095524956970741,0.47878015172330934,0.49784923046184704,0.5095524956970741,0.6840970349641683
knn,emm,13,0.4665806081468732,0.45174336520107455,0.4604460719898091,0.4665806081468732,0.6351803002999888
lr,emm,13,0.4711130235226621,0.4177937835602729,0.4697966893198591,0.4711130235226621,0.7000731409239627
gb,emm,13,0.44004589787722315,0.4225584138301848,0.4486725299105384,0.44004589787722315,0.6594077348873639
ab,emm,13,0.4618760757314974,0.425091562442501,0.4500124752611786,0.4618760757314974,0.614596983450715
nb,lrs,14,0.35364314400458985,0.3521331503194661,0.41730460444137885,0.35364314400458985,0.6421190314017233
rf,lrs,14,0.5023809523809524,0.4732887076407212,0.48292146507567146,0.5023809523809524,0.7042838230353288
knn,lrs,14,0.45943775100401607,0.45737137286838836,0.47315298622795837,0.45943775100401607,0.6488091112285069
lr,lrs,14,0.4639701663798049,0.4103165757953084,0.44333670850900353,0.4639701663798049,0.6931514829754113
gb,lrs,14,0.4329890992541595,0.4201907169758886,0.4493228905498392,0.4329890992541595,0.6583647114573966
ab,lrs,14,0.45714285714285713,0.4171025449182529,0.4688173839325048,0.45714285714285713,0.6135767445215257
nb,tree,14,0.29360298336201945,0.31288221377281,0.3875172291779009,0.29360298336201945,0.6331685441473939
rf,tree,14,0.49282845668387837,0.4579850634159245,0.4644226774574781,0.49282845668387837,0.7007268373490694
knn,tree,14,0.480837636259323,0.47366673343171717,0.48652744727401326,0.480837636259323,0.6730625616735617
lr,tree,14,0.4448078026391279,0.3972526946041207,0.42029868847677954,0.4448078026391279,0.689312735645883
gb,tree,14,0.4279977051061389,0.4108092467836958,0.4414101009599922,0.4279977051061389,0.6463729241515496
ab,tree,14,0.45235226620768787,0.41487486126126677,0.44184929672455475,0.45235226620768787,0.613531964001048
nb,rfe,14,0.2911646586345381,0.3108394057943402,0.38411040212502373,0.2911646586345381,0.6330682345648804
rf,rfe,14,0.509495123350545,0.4878187644460453,0.5350718202931177,0.509495123350545,0.7143851337497285
knn,rfe,14,0.48330464716006877,0.4755891633221732,0.5077336830571595,0.48330464716006877,0.6845570478629044
lr,rfe,14,0.4375788869764773,0.38952936910599073,0.41572989369996477,0.4375788869764773,0.6853944530656568
gb,rfe,14,0.44945496270797475,0.43442669404799944,0.4725893136374447,0.44945496270797475,0.6551591289374655
ab,rfe,14,0.45235226620768787,0.41487486126126677,0.44184929672455475,0.45235226620768787,0.613531964001048
nb,em,14,0.27205966724039016,0.28688433293425664,0.35069385455894625,0.27205966724039016,0.6266681471396138
rf,em,14,0.47837062535857716,0.4420613523131921,0.45139335462939467,0.47837062535857716,0.6986718573968677
knn,em,14,0.48327596098680436,0.4700166386927537,0.4838701895998946,0.48327596098680436,0.6615134769399849
lr,em,14,0.46150315547905907,0.4171107247509968,0.46571558141877895,0.46150315547905907,0.6960722282370306
gb,em,14,0.43037865748709125,0.41873102147415714,0.460987582040409,0.43037865748709125,0.6496180618277466
ab,em,14,0.45235226620768787,0.41487486126126677,0.44184929672455475,0.45235226620768787,0.6146466734585114
nb,rfc,14,0.29360298336201945,0.31288221377281,0.3875172291779009,0.29360298336201945,0.6331685441473939
rf,rfc,14,0.49050487664945497,0.4559969192084205,0.4681310626025983,0.49050487664945497,0.6980229169394631
knn,rfc,14,0.480837636259323,0.47366673343171717,0.48652744727401326,0.480837636259323,0.6730625616735617
lr,rfc,14,0.4448078026391279,0.3972526946041207,0.42029868847677954,0.4448078026391279,0.689312735645883
gb,rfc,14,0.43995983935742977,0.4212971021984503,0.4540584476325221,0.43995983935742977,0.640819491877751
ab,rfc,14,0.45235226620768787,0.41487486126126677,0.44184929672455475,0.45235226620768787,0.613531964001048
nb,muin,14,0.2938324727481354,0.3174489580744792,0.40217182993247985,0.2938324727481354,0.628779660414663
rf,muin,14,0.4805507745266782,0.45769395450517775,0.4722618497566504,0.4805507745266782,0.6944121505422334
knn,muin,14,0.46626506024096387,0.4639099081109797,0.4989055501133494,0.46626506024096387,0.6356695131425647
lr,muin,14,0.4686746987951807,0.42214317308040233,0.5015089179705482,0.4686746987951807,0.6875433634709511
gb,muin,14,0.4326448651749857,0.40915595082777545,0.4522764659292437,0.4326448651749857,0.6365926137433899
ab,muin,14,0.46161790017211696,0.42341496180196464,0.4949318989401671,0.46161790017211696,0.6108250469451912
nb,emm,14,0.29113597246127365,0.3016147714738562,0.3701517200413317,0.29113597246127365,0.6321328436175818
rf,emm,14,0.5070854847963282,0.4852871810964583,0.5011022343917346,0.5070854847963282,0.7036663702657066
knn,emm,14,0.48078026391279405,0.4703288349689614,0.48681731638430836,0.48078026391279405,0.6729044160326871
lr,emm,14,0.4638841078600115,0.41172423451720946,0.42068809235256477,0.4638841078600115,0.6943120919039775
gb,emm,14,0.4208835341365463,0.40419506972749,0.4481022664251131,0.4208835341365463,0.6500177981372101
ab,emm,14,0.4667527251864601,0.4304226999992723,0.45430707311766055,0.4667527251864601,0.6322950520566609
nb,lrs,15,0.3345094664371773,0.35046986410827846,0.4079862422016859,0.3345094664371773,0.644680894684025
rf,lrs,15,0.5142570281124497,0.4790453633855785,0.4872676268055751,0.5142570281124497,0.7137512309842892
knn,lrs,15,0.47604704532415376,0.4717642911066117,0.4881703591392169,0.47604704532415376,0.6657971727151184
lr,lrs,15,0.44718875502008026,0.3935954756106181,0.39155236853489306,0.44718875502008026,0.6931814498869924
gb,lrs,15,0.44736087205966724,0.43667898142533756,0.4670506325550904,0.44736087205966724,0.6588567430233693
ab,lrs,15,0.4524096385542169,0.41328948812576227,0.442962844241776,0.4524096385542169,0.61593441096461
nb,tree,15,0.2911933448078026,0.3132460977030797,0.38986605091288296,0.2911933448078026,0.6332462013964791
rf,tree,15,0.492685025817556,0.46305718789496864,0.4705053465414936,0.492685025817556,0.7067955950677156
knn,tree,15,0.4976190476190476,0.48801538247203313,0.5058870709949211,0.4976190476190476,0.6701854674670178
lr,tree,15,0.4351979345955249,0.39425219252299176,0.4138984413653162,0.4351979345955249,0.6872579264396894
gb,tree,15,0.4375788869764773,0.4205980861397164,0.4514544855970038,0.4375788869764773,0.6486127017607218
ab,tree,15,0.45235226620768787,0.41487486126126677,0.44184929672455475,0.45235226620768787,0.613531964001048
nb,rfe,15,0.2911933448078026,0.3132460977030797,0.38986605091288296,0.2911933448078026,0.6332462013964791
rf,rfe,15,0.4878083763625932,0.45763100624011255,0.4727166109538934,0.4878083763625932,0.7095110083766079
knn,rfe,15,0.4976190476190476,0.48801538247203313,0.5058870709949211,0.4976190476190476,0.6701854674670178
lr,rfe,15,0.4351979345955249,0.39425219252299176,0.4138984413653162,0.4351979345955249,0.6872579264396894
gb,rfe,15,0.4279977051061389,0.41260127820097114,0.44435246049201743,0.4279977051061389,0.6483547916208825
ab,rfe,15,0.45235226620768787,0.41487486126126677,0.44184929672455475,0.45235226620768787,0.613531964001048
nb,em,15,0.29357429718875505,0.3128933106672541,0.38855226985613844,0.29357429718875505,0.632605514550973
rf,em,15,0.5190763052208835,0.48757529145738143,0.5021257266098289,0.5190763052208835,0.7070435195766999
knn,em,15,0.4952667814113597,0.48491228027437694,0.5023132316107602,0.4952667814113597,0.672024456249179
lr,em,15,0.46623637406769936,0.42602107740244977,0.47999125205908905,0.46623637406769936,0.6957161337555637
gb,em,15,0.4446643717728055,0.43065632201983,0.4676627118030998,0.4446643717728055,0.6522986264208188
ab,em,15,0.45235226620768787,0.41487486126126677,0.44184929672455475,0.45235226620768787,0.6146466734585114
nb,rfc,15,0.2911933448078026,0.3132460977030797,0.38986605091288296,0.2911933448078026,0.6332462013964791
rf,rfc,15,0.5048479632816982,0.46668362194045915,0.4778147861875774,0.5048479632816982,0.715749121363386
knn,rfc,15,0.4976190476190476,0.48801538247203313,0.5058870709949211,0.4976190476190476,0.6701854674670178
lr,rfc,15,0.4351979345955249,0.39425219252299176,0.4138984413653162,0.4351979345955249,0.6872579264396894
gb,rfc,15,0.43037865748709125,0.41570913942668064,0.45201144744394234,0.43037865748709125,0.6407973768558082
ab,rfc,15,0.45235226620768787,0.41487486126126677,0.44184929672455475,0.45235226620768787,0.613531964001048
nb,muin,15,0.27005163511187613,0.2978983866853396,0.38668077551631497,0.27005163511187613,0.6243020892678135
rf,muin,15,0.49979919678714857,0.47066412882052394,0.4923420415393136,0.49979919678714857,0.6941753847219194
knn,muin,15,0.4569133677567413,0.4467047969353029,0.47817497257321717,0.4569133677567413,0.6458545475992671
lr,muin,15,0.47816982214572573,0.42457878695273826,0.4784780649820676,0.47816982214572573,0.6865272882566782
gb,muin,15,0.42323580034423414,0.40926498618257334,0.45830165772866477,0.42323580034423414,0.6391490493311086
ab,muin,15,0.4592369477911646,0.426076016098982,0.4963235524853541,0.4592369477911646,0.614254577316983
nb,emm,15,0.29377510040160637,0.31773060047189594,0.4171851435201381,0.29377510040160637,0.6320456805992185
rf,emm,15,0.4855995410212278,0.4641176416026479,0.4806837213001594,0.4855995410212278,0.6951506344015297
knn,emm,15,0.46635111876075735,0.45964879736693726,0.48780959758144216,0.46635111876075735,0.6711540767921262
lr,emm,15,0.4520080321285141,0.39932927033476917,0.40017321754655555,0.4520080321285141,0.6958320897744849
gb,emm,15,0.42558806655192194,0.41381715744044956,0.45025935165221503,0.42558806655192194,0.6442213854387313
ab,emm,15,0.4715720022948938,0.4354218676962171,0.4571723725998117,0.4715720022948938,0.6313346928929817
nb,lrs,16,0.30103270223752154,0.32126459649387046,0.4014944941423531,0.30103270223752154,0.6401244526414436
rf,lrs,16,0.4928571428571429,0.4529649167626795,0.466384961287709,0.4928571428571429,0.7027714486098525
knn,lrs,16,0.49753298909925414,0.49770691914196774,0.5202633176547784,0.49753298909925414,0.6715481631122855
lr,lrs,16,0.4448078026391279,0.3899764136772229,0.39015640342142344,0.4448078026391279,0.6907871717998495
gb,lrs,16,0.42581755593803783,0.40957901730119123,0.4319595131394725,0.42581755593803783,0.6518586202184999
ab,lrs,16,0.45711417096959267,0.41950925830831187,0.44421723336539315,0.45711417096959267,0.6145226644524845
nb,tree,16,0.2890131956397016,0.3182095129730139,0.4201153403036685,0.2890131956397016,0.6355286286991303
rf,tree,16,0.47845668387837054,0.4510041530571076,0.44927143543383385,0.47845668387837054,0.6921773322669805
knn,tree,16,0.47842799770510613,0.47498274532105134,0.4994796717761837,0.47842799770510613,0.6639845802557895
lr,tree,16,0.4351979345955249,0.39283347950111736,0.45769818097117676,0.4351979345955249,0.6862748669993695
gb,tree,16,0.4375788869764773,0.42300287496409916,0.4612656563909063,0.4375788869764773,0.6467393797110248
ab,tree,16,0.45235226620768787,0.41487486126126677,0.44184929672455475,0.45235226620768787,0.613531964001048
nb,rfe,16,0.2890131956397016,0.3182095129730139,0.4201153403036685,0.2890131956397016,0.6355286286991303
rf,rfe,16,0.49756167527251866,0.46318498970998984,0.4812184126980673,0.49756167527251866,0.7019500303123685
knn,rfe,16,0.47842799770510613,0.47498274532105134,0.4994796717761837,0.47842799770510613,0.6639845802557895
lr,rfe,16,0.4351979345955249,0.39283347950111736,0.45769818097117676,0.4351979345955249,0.6862748669993695
gb,rfe,16,0.4303499713138267,0.4122491245851509,0.46330395533124813,0.4303499713138267,0.6452027332001253
ab,rfe,16,0.45235226620768787,0.41487486126126677,0.44184929672455475,0.45235226620768787,0.613531964001048
nb,em,16,0.29859437751004014,0.32818719149147635,0.42652516331025536,0.29859437751004014,0.6349270084999604
rf,em,16,0.4736087205966724,0.43892193248924566,0.4712708954099437,0.4736087205966724,0.6941829699139351
knn,em,16,0.48327596098680436,0.4778790427522231,0.5006618586188762,0.48327596098680436,0.6677465177193257
lr,em,16,0.46864601262191624,0.4282937245549343,0.47922621646381397,0.46864601262191624,0.6957358006592964
gb,em,16,0.43278829604130803,0.41757606097123273,0.4604321798476681,0.43278829604130803,0.6511694219368238
ab,em,16,0.45235226620768787,0.41487486126126677,0.44184929672455475,0.45235226620768787,0.6146466734585114
nb,rfc,16,0.2890131956397016,0.3182095129730139,0.4201153403036685,0.2890131956397016,0.6355286286991303
rf,rfc,16,0.5119621342512909,0.4750834223958057,0.4835980334593124,0.5119621342512909,0.7166903963405746
knn,rfc,16,0.47842799770510613,0.47498274532105134,0.4994796717761837,0.47842799770510613,0.6639845802557895
lr,rfc,16,0.4351979345955249,0.39283347950111736,0.45769818097117676,0.4351979345955249,0.6862748669993695
gb,rfc,16,0.43043602983362017,0.41868697864261906,0.4573873233857967,0.43043602983362017,0.6461494721618369
ab,rfc,16,0.45235226620768787,0.41487486126126677,0.44184929672455475,0.45235226620768787,0.613531964001048
nb,muin,16,0.3033562822719449,0.32911706586578693,0.42226826295561404,0.3033562822719449,0.6398962445874097
rf,muin,16,0.511847389558233,0.48597508862830396,0.4988625639604205,0.511847389558233,0.6926032952042078
knn,muin,16,0.4520367183017785,0.4535219424459731,0.480361720009385,0.4520367183017785,0.6517746984138147
lr,muin,16,0.4638267355134825,0.41531390653216826,0.4294822543607878,0.4638267355134825,0.690797430627441
gb,muin,16,0.4207974756167527,0.4067262934553712,0.45890976804890193,0.4207974756167527,0.6348772474227947
ab,muin,16,0.45209409064830747,0.41150557758431977,0.5029078456661138,0.45209409064830747,0.6111819058597481
nb,emm,16,0.2840504876649455,0.30360971063683007,0.3767480654125445,0.2840504876649455,0.6329355374702209
rf,emm,16,0.48571428571428565,0.4543356596084152,0.4716122276013931,0.48571428571428565,0.7099242585973737
knn,emm,16,0.4928571428571429,0.4871132274031269,0.5076089598041739,0.4928571428571429,0.6718945308292792
lr,emm,16,0.4614457831325301,0.4171420517035719,0.46726799535540253,0.4614457831325301,0.6941061915168266
gb,emm,16,0.4280263912794033,0.4135491557686536,0.45613558625953027,0.4280263912794033,0.6503166429341183
ab,emm,16,0.45235226620768787,0.41487486126126677,0.44184929672455475,0.45235226620768787,0.6146466734585114
nb,lrs,17,0.2866896156052782,0.30533192467778664,0.38843329559826856,0.2866896156052782,0.635178690894654
rf,lrs,17,0.5002008032128514,0.46572565346049455,0.4595335092882366,0.5002008032128514,0.709331859526538
knn,lrs,17,0.4736947791164658,0.47516195763537644,0.5038284454567922,0.4736947791164658,0.6592934544884178
lr,lrs,17,0.44956970740103264,0.39866049183954566,0.4145491572733725,0.44956970740103264,0.6897701662885761
gb,lrs,17,0.4209982788296041,0.40797135791728795,0.44213098391672023,0.4209982788296041,0.6574311420037352
ab,lrs,17,0.4618760757314974,0.42458402082242747,0.4503813817170415,0.4618760757314974,0.6138202728751504
nb,tree,17,0.26996557659208265,0.29733091090929487,0.3840592821956623,0.26996557659208265,0.629498184203505
rf,tree,17,0.49773379231210557,0.4706047610690841,0.5140859955938721,0.49773379231210557,0.6940114418178644
knn,tree,17,0.4688755020080321,0.46476427536980547,0.4868356767277714,0.4688755020080321,0.6615600497048789
lr,tree,17,0.4352266207687894,0.39309846727167297,0.4546075057451782,0.4352266207687894,0.6799494845316081
gb,tree,17,0.43043602983362017,0.4165534084645032,0.4535241984946132,0.43043602983362017,0.640813605494211
ab,tree,17,0.45235226620768787,0.41487486126126677,0.44184929672455475,0.45235226620768787,0.613531964001048
nb,rfe,17,0.2961847389558233,0.32577348032883113,0.4219185330366674,0.2961847389558233,0.6347772290371377
rf,rfe,17,0.4760183591508892,0.45167619693081945,0.46161464663619955,0.4760183591508892,0.7010083093602324
knn,rfe,17,0.47607573149741816,0.4755664164444641,0.502809956404864,0.47607573149741816,0.6676148741244015
lr,rfe,17,0.4638841078600115,0.4184411350994369,0.47256264915521895,0.4638841078600115,0.6940558354824218
gb,rfe,17,0.44225473321858866,0.43045766469773794,0.4776563133101096,0.44225473321858866,0.6522839282479086
ab,rfe,17,0.45235226620768787,0.41487486126126677,0.44184929672455475,0.45235226620768787,0.6146466734585114
nb,em,17,0.2961847389558233,0.32577348032883113,0.4219185330366674,0.2961847389558233,0.6347772290371377
rf,em,17,0.49994262765347103,0.4719053072153976,0.49589250496466664,0.49994262765347103,0.7028128150249946
knn,em,17,0.47607573149741816,0.4755664164444641,0.502809956404864,0.47607573149741816,0.6676148741244015
lr,em,17,0.4638841078600115,0.4184411350994369,0.47256264915521895,0.4638841078600115,0.6940558354824218
gb,em,17,0.4422834193918531,0.43038451117336207,0.472920169736481,0.4422834193918531,0.6531046999937129
ab,em,17,0.45235226620768787,0.41487486126126677,0.44184929672455475,0.45235226620768787,0.6146466734585114
nb,rfc,17,0.2961847389558233,0.32577348032883113,0.4219185330366674,0.2961847389558233,0.6347772290371377
rf,rfc,17,0.48792312105565117,0.45770188055119754,0.47255151717338445,0.48792312105565117,0.6987395012929895
knn,rfc,17,0.47607573149741816,0.4755664164444641,0.502809956404864,0.47607573149741816,0.6676148741244015
lr,rfc,17,0.4638841078600115,0.4184411350994369,0.47256264915521895,0.4638841078600115,0.6940558354824218
gb,rfc,17,0.435140562248996,0.4252062315753869,0.46900302900407154,0.435140562248996,0.6535380995407515
ab,rfc,17,0.45235226620768787,0.41487486126126677,0.44184929672455475,0.45235226620768787,0.6146466734585114
nb,muin,17,0.2795467584624211,0.304763470176696,0.3921859484641662,0.2795467584624211,0.6312182139811864
rf,muin,17,0.4760183591508893,0.44656917548636565,0.4460060243729055,0.4760183591508893,0.6852011712974151
knn,muin,17,0.4568273092369478,0.4592443092577533,0.48565336306496604,0.4568273092369478,0.6523981881083343
lr,muin,17,0.4566551921973609,0.4098275756591697,0.4225950967038542,0.4566551921973609,0.6841624667599914
gb,muin,17,0.43273092369477917,0.4130137921715916,0.4534295023878512,0.43273092369477917,0.6353302162700553
ab,muin,17,0.45209409064830747,0.41150557758431977,0.5029078456661138,0.45209409064830747,0.6111819058597481
nb,emm,17,0.2961847389558233,0.32577348032883113,0.4219185330366674,0.2961847389558233,0.6347772290371377
rf,emm,17,0.47845668387837065,0.4458384245660155,0.4552209018497514,0.47845668387837065,0.6985688339360837
knn,emm,17,0.47607573149741816,0.4755664164444641,0.502809956404864,0.47607573149741816,0.6676148741244015
lr,emm,17,0.4638841078600115,0.4184411350994369,0.47256264915521895,0.4638841078600115,0.6940558354824218
gb,emm,17,0.43037865748709125,0.42064124653449514,0.46673807036591797,0.43037865748709125,0.6529370504646896
ab,emm,17,0.45235226620768787,0.41487486126126677,0.44184929672455475,0.45235226620768787,0.6146466734585114
