model,fs_method,k,accuracy
lr,nofs,102,0.9958333333333333,0.9958553791887125,0.9962121212121211,0.9958333333333333,1.0
nb,nofs,102,0.9084999999999999,0.9087179317588017,0.9218643162393162,0.9084999999999999,0.9650000000000001
knn,nofs,102,0.9666666666666668,0.9667973609594904,0.9702272727272728,0.9666666666666668,0.9989285714285714
rf,nofs,102,0.9833333333333334,0.9833018049593972,0.9846464646464647,0.9833333333333334,0.9985714285714286
dt,nofs,102,0.9833333333333334,0.9831922398589066,0.9851325757575757,0.9833333333333334,0.9828571428571429
gb,nofs,102,0.9875,0.9875062816684113,0.9885353535353534,0.9875,0.9960714285714285
ab,nofs,102,0.9875000000000002,0.9874464257706848,0.9884343434343433,0.9875000000000002,0.9960714285714285
svc,nofs,102,0.9916666666666668,0.991710758377425,0.9924242424242424,0.9916666666666668,0.9992857142857143
ri,nofs,102,0.9875,0.9875220458553791,0.9878787878787879,0.9875,0.9992857142857143
xgb,nofs,102,0.9916666666666668,0.9916509024796987,0.9923232323232323,0.9916666666666668,0.9992857142857143
lr,em,1,0.9875,0.9875661375661376,0.9886363636363636,0.9875,1.0
nb,em,1,0.9791666666666667,0.9791571841481097,0.9808585858585858,0.9791666666666667,1.0
knn,em,1,0.9833333333333334,0.9833616608571237,0.9847474747474747,0.9833333333333334,0.9885714285714287
rf,em,1,0.9791666666666667,0.9791571841481097,0.9808585858585858,0.9791666666666667,0.9885714285714287
dt,em,1,0.9791666666666667,0.9791571841481097,0.9808585858585858,0.9791666666666667,0.9792857142857143
gb,em,1,0.9791666666666667,0.9791571841481097,0.9808585858585858,0.9791666666666667,0.9960714285714285
ab,em,1,0.9791666666666667,0.9791571841481097,0.9808585858585858,0.9791666666666667,0.9960714285714285
svc,em,1,0.9875,0.9875661375661376,0.9886363636363636,0.9875,1.0
ri,em,1,0.9875,0.9875661375661376,0.9886363636363636,0.9875,1.0
xgb,em,1,0.9791666666666667,0.9791571841481097,0.9808585858585858,0.9791666666666667,0.9960714285714285
lr,em,2,0.9875,0.9875661375661376,0.9886363636363636,0.9875,1.0
nb,em,2,0.9958333333333333,0.9958553791887125,0.9962121212121211,0.9958333333333333,1.0
knn,em,2,0.9875,0.9875661375661376,0.9886363636363636,0.9875,0.9964285714285716
rf,em,2,0.9916666666666668,0.991710758377425,0.9924242424242424,0.9916666666666668,0.9992857142857143
dt,em,2,0.9875000000000002,0.987506281668411,0.9885353535353534,0.9875000000000002,0.9878571428571428
gb,em,2,0.9833333333333334,0.9833616608571237,0.9847474747474747,0.9833333333333334,0.9964285714285716
ab,em,2,0.9875,0.987336860670194,0.9889204545454545,0.9875,0.9964285714285716
svc,em,2,0.9875,0.9875661375661376,0.9886363636363636,0.9875,1.0
ri,em,2,0.9875,0.9875661375661376,0.9886363636363636,0.9875,1.0
xgb,em,2,0.9916666666666668,0.991710758377425,0.9924242424242424,0.9916666666666668,0.9960714285714285
lr,em,3,0.9916666666666668,0.991710758377425,0.9924242424242424,0.9916666666666668,1.0
nb,em,3,0.9958333333333333,0.9958553791887125,0.9962121212121211,0.9958333333333333,1.0
knn,em,3,0.9916666666666668,0.991710758377425,0.9924242424242424,0.9916666666666668,0.9964285714285716
rf,em,3,0.9875000000000002,0.9874464257706848,0.9884343434343433,0.9875000000000002,1.0
dt,em,3,0.9875,0.9875062816684113,0.9885353535353534,0.9875,0.987857142857143
gb,em,3,0.9791666666666667,0.9791571841481097,0.9808585858585858,0.9791666666666667,0.9964285714285716
ab,em,3,0.9833333333333334,0.9833018049593972,0.9846464646464644,0.9833333333333334,0.9964285714285716
svc,em,3,0.9958333333333333,0.9958553791887125,0.9962121212121211,0.9958333333333333,1.0
ri,em,3,0.9916666666666668,0.991710758377425,0.9924242424242424,0.9916666666666668,1.0
xgb,em,3,0.9916666666666668,0.9916509024796987,0.9923232323232323,0.9916666666666668,1.0
lr,em,4,0.9958333333333333,0.9958553791887125,0.9962121212121211,0.9958333333333333,1.0
nb,em,4,0.9958333333333333,0.9958553791887125,0.9962121212121211,0.9958333333333333,0.9992857142857143
knn,em,4,0.9916666666666668,0.991710758377425,0.9924242424242424,0.9916666666666668,0.9964285714285716
rf,em,4,0.9958333333333333,0.9958553791887125,0.9962121212121211,0.9958333333333333,1.0
dt,em,4,0.9875000000000002,0.987506281668411,0.9885353535353534,0.9875000000000002,0.9878571428571428
gb,em,4,0.9791666666666667,0.9791571841481097,0.9808585858585858,0.9791666666666667,0.9964285714285716
ab,em,4,0.9875,0.987336860670194,0.9889204545454545,0.9875,0.9964285714285716
svc,em,4,0.9958333333333333,0.9958553791887125,0.9962121212121211,0.9958333333333333,1.0
ri,em,4,0.9875,0.9875661375661376,0.9886363636363636,0.9875,1.0
xgb,em,4,0.9833333333333334,0.9831922398589065,0.9851325757575757,0.9833333333333334,0.9985714285714286
lr,em,5,0.9916666666666668,0.991710758377425,0.9924242424242424,0.9916666666666668,1.0
nb,em,5,0.9958333333333333,0.9958553791887125,0.9962121212121211,0.9958333333333333,1.0
knn,em,5,0.9916666666666668,0.991710758377425,0.9924242424242424,0.9916666666666668,0.9964285714285716
rf,em,5,0.9958333333333333,0.9958553791887125,0.9962121212121211,0.9958333333333333,0.9992857142857143
dt,em,5,0.9835,0.9834056787418222,0.9846843434343432,0.9835,0.9814285714285713
gb,em,5,0.9791666666666667,0.9791571841481097,0.9808585858585858,0.9791666666666667,0.9964285714285716
ab,em,5,0.9835,0.9834812988265167,0.9841287878787878,0.9835,0.9957142857142858
svc,em,5,0.9958333333333333,0.9958553791887125,0.9962121212121211,0.9958333333333333,1.0
ri,em,5,0.9958333333333333,0.9958553791887125,0.9962121212121211,0.9958333333333333,1.0
xgb,em,5,0.9875,0.9875062816684113,0.9885353535353534,0.9875,0.9985714285714286
lr,em,6,0.9916666666666668,0.991710758377425,0.9924242424242424,0.9916666666666668,1.0
nb,em,6,0.9958333333333333,0.9958553791887125,0.9962121212121211,0.9958333333333333,1.0
knn,em,6,0.9958333333333333,0.9958553791887125,0.9962121212121211,0.9958333333333333,0.9964285714285716
rf,em,6,0.9958333333333333,0.9958553791887125,0.9962121212121211,0.9958333333333333,1.0
dt,em,6,0.9875000000000002,0.987506281668411,0.9885353535353534,0.9875000000000002,0.9878571428571428
gb,em,6,0.9835,0.9834056787418222,0.9846843434343434,0.9835,0.9914285714285714
ab,em,6,0.9875,0.987336860670194,0.9889204545454545,0.9875,0.9964285714285716
svc,em,6,0.9916666666666668,0.991710758377425,0.9924242424242424,0.9916666666666668,1.0
ri,em,6,0.9958333333333333,0.9958553791887125,0.9962121212121211,0.9958333333333333,1.0
xgb,em,6,0.9875,0.9875062816684113,0.9885353535353534,0.9875,1.0
lr,em,7,0.9916666666666668,0.991710758377425,0.9924242424242424,0.9916666666666668,1.0
nb,em,7,0.9875,0.9875062816684113,0.9885353535353536,0.9875,0.9992857142857143
knn,em,7,0.9916666666666668,0.991710758377425,0.9924242424242424,0.9916666666666668,0.9960714285714285
rf,em,7,0.9916666666666668,0.991710758377425,0.9924242424242424,0.9916666666666668,0.9992857142857143
dt,em,7,0.9833333333333334,0.9833018049593972,0.9846464646464644,0.9833333333333334,0.9828571428571428
gb,em,7,0.9791666666666667,0.9791571841481097,0.9808585858585858,0.9791666666666667,0.9964285714285716
ab,em,7,0.9916666666666668,0.9916509024796987,0.9923232323232323,0.9916666666666668,0.9964285714285716
svc,em,7,0.9916666666666668,0.991710758377425,0.9924242424242424,0.9916666666666668,1.0
ri,em,7,0.9958333333333333,0.9958553791887125,0.9962121212121211,0.9958333333333333,1.0
xgb,em,7,0.9875,0.9875062816684113,0.9885353535353534,0.9875,0.9946428571428572
lr,em,8,0.9916666666666668,0.991710758377425,0.9924242424242424,0.9916666666666668,1.0
nb,em,8,0.9916666666666668,0.9916509024796986,0.9923232323232322,0.9916666666666668,1.0
knn,em,8,0.9958333333333333,0.9958553791887125,0.9962121212121211,0.9958333333333333,0.9964285714285716
rf,em,8,0.9916666666666668,0.9916509024796986,0.9923232323232322,0.9916666666666668,0.9992857142857143
dt,em,8,0.9875000000000002,0.987506281668411,0.9885353535353534,0.9875000000000002,0.9878571428571428
gb,em,8,0.9835,0.9834056787418222,0.9846843434343434,0.9835,0.9914285714285714
ab,em,8,0.9875,0.987336860670194,0.9889204545454545,0.9875,0.9964285714285716
svc,em,8,0.9916666666666668,0.991710758377425,0.9924242424242424,0.9916666666666668,1.0
ri,em,8,0.9958333333333333,0.9958553791887125,0.9962121212121211,0.9958333333333333,1.0
xgb,em,8,0.9875,0.9875062816684113,0.9885353535353534,0.9875,1.0
lr,em,9,0.9916666666666668,0.991710758377425,0.9924242424242424,0.9916666666666668,1.0
nb,em,9,0.9916666666666668,0.991710758377425,0.9924242424242424,0.9916666666666668,1.0
knn,em,9,0.9958333333333333,0.9958553791887125,0.9962121212121211,0.9958333333333333,0.9964285714285716
rf,em,9,0.9958333333333333,0.9958553791887125,0.9962121212121211,0.9958333333333333,0.9992857142857143
dt,em,9,0.9833333333333334,0.9833175691463651,0.983989898989899,0.9833333333333334,0.9828571428571429
gb,em,9,0.9835,0.9834056787418222,0.9846843434343434,0.9835,0.9914285714285714
ab,em,9,0.9833333333333334,0.9831323839611802,0.9850315656565657,0.9833333333333334,0.9964285714285716
svc,em,9,0.9916666666666668,0.991710758377425,0.9924242424242424,0.9916666666666668,1.0
ri,em,9,0.9958333333333333,0.9958553791887125,0.9962121212121211,0.9958333333333333,1.0
xgb,em,9,0.9875,0.9875062816684113,0.9885353535353534,0.9875,1.0
lr,em,10,0.9916666666666668,0.991710758377425,0.9924242424242424,0.9916666666666668,1.0
nb,em,10,0.9916666666666668,0.991710758377425,0.9924242424242424,0.9916666666666668,1.0
knn,em,10,0.9958333333333333,0.9958553791887125,0.9962121212121211,0.9958333333333333,0.9964285714285716
rf,em,10,0.9958333333333333,0.9958553791887125,0.9962121212121211,0.9958333333333333,1.0
dt,em,10,0.9875000000000002,0.987506281668411,0.9885353535353534,0.9875000000000002,0.9878571428571428
gb,em,10,0.9875000000000002,0.9874464257706848,0.9884343434343433,0.9875000000000002,0.9910714285714285
ab,em,10,0.9875,0.987336860670194,0.9889204545454545,0.9875,0.9960714285714285
svc,em,10,0.9916666666666668,0.991710758377425,0.9924242424242424,0.9916666666666668,1.0
ri,em,10,0.9958333333333333,0.9958553791887125,0.9962121212121211,0.9958333333333333,1.0
xgb,em,10,0.9875,0.9875062816684113,0.9885353535353534,0.9875,1.0
lr,em,11,0.9916666666666668,0.991710758377425,0.9924242424242424,0.9916666666666668,1.0
nb,em,11,0.9916666666666668,0.991710758377425,0.9924242424242424,0.9916666666666668,1.0
knn,em,11,0.9958333333333333,0.9958553791887125,0.9962121212121211,0.9958333333333333,0.9964285714285716
rf,em,11,0.9958333333333333,0.9958553791887125,0.9962121212121211,0.9958333333333333,0.9992857142857143
dt,em,11,0.9875000000000002,0.987506281668411,0.9885353535353534,0.9875000000000002,0.9878571428571428
gb,em,11,0.9875000000000002,0.9874464257706848,0.9884343434343433,0.9875000000000002,0.9910714285714285
ab,em,11,0.9833333333333334,0.9831323839611802,0.9850315656565657,0.9833333333333334,0.9960714285714285
svc,em,11,0.9916666666666668,0.991710758377425,0.9924242424242424,0.9916666666666668,1.0
ri,em,11,0.9916666666666668,0.991710758377425,0.9924242424242424,0.9916666666666668,1.0
xgb,em,11,0.9875,0.9875062816684113,0.9885353535353534,0.9875,1.0
lr,em,12,0.9916666666666668,0.991710758377425,0.9924242424242424,0.9916666666666668,1.0
nb,em,12,0.9916666666666668,0.991710758377425,0.9924242424242424,0.9916666666666668,0.9992857142857143
knn,em,12,0.9916666666666668,0.991710758377425,0.9924242424242424,0.9916666666666668,1.0
rf,em,12,0.9833333333333334,0.9833018049593972,0.9846464646464647,0.9833333333333334,0.9985714285714286
dt,em,12,0.9875000000000002,0.987506281668411,0.9885353535353534,0.9875000000000002,0.9878571428571428
gb,em,12,0.9875000000000002,0.9874464257706848,0.9884343434343433,0.9875000000000002,0.9910714285714285
ab,em,12,0.9833333333333334,0.9831323839611802,0.9850315656565657,0.9833333333333334,0.9960714285714285
svc,em,12,0.9916666666666668,0.991710758377425,0.9924242424242424,0.9916666666666668,1.0
ri,em,12,0.9958333333333333,0.9958553791887125,0.9962121212121211,0.9958333333333333,1.0
xgb,em,12,0.9875,0.9875062816684113,0.9885353535353534,0.9875,0.9985714285714286
lr,em,13,0.9916666666666668,0.991710758377425,0.9924242424242424,0.9916666666666668,1.0
nb,em,13,0.9875,0.9875062816684113,0.9885353535353536,0.9875,1.0
knn,em,13,0.9916666666666668,0.991710758377425,0.9924242424242424,0.9916666666666668,1.0
rf,em,13,0.9916666666666668,0.991710758377425,0.9924242424242424,0.9916666666666668,0.9992857142857143
dt,em,13,0.9791666666666667,0.9791130924373513,0.9801010101010099,0.9791666666666667,0.9778571428571429
gb,em,13,0.9875000000000002,0.9874464257706848,0.9884343434343433,0.9875000000000002,0.9910714285714285
ab,em,13,0.9875,0.987336860670194,0.9889204545454545,0.9875,0.9960714285714285
svc,em,13,0.9916666666666668,0.991710758377425,0.9924242424242424,0.9916666666666668,1.0
ri,em,13,0.9958333333333333,0.9958553791887125,0.9962121212121211,0.9958333333333333,1.0
xgb,em,13,0.9916666666666668,0.9916509024796987,0.9923232323232323,0.9916666666666668,1.0
lr,em,14,0.9916666666666668,0.991710758377425,0.9924242424242424,0.9916666666666668,1.0
nb,em,14,0.9916666666666668,0.991710758377425,0.9924242424242424,0.9916666666666668,0.9992857142857143
knn,em,14,0.9958333333333333,0.9958553791887125,0.9962121212121211,0.9958333333333333,0.9964285714285716
rf,em,14,0.9875000000000002,0.987506281668411,0.9885353535353534,0.9875000000000002,0.9985714285714286
dt,em,14,0.9875000000000002,0.987506281668411,0.9885353535353534,0.9875000000000002,0.9878571428571428
gb,em,14,0.9875000000000002,0.9874464257706848,0.9884343434343433,0.9875000000000002,0.9910714285714285
ab,em,14,0.9833333333333334,0.9831323839611802,0.9850315656565657,0.9833333333333334,0.9960714285714285
svc,em,14,0.9916666666666668,0.991710758377425,0.9924242424242424,0.9916666666666668,1.0
ri,em,14,0.9916666666666668,0.991710758377425,0.9924242424242424,0.9916666666666668,1.0
xgb,em,14,0.9875,0.9875062816684113,0.9885353535353534,0.9875,1.0
lr,em,15,0.9916666666666668,0.991710758377425,0.9924242424242424,0.9916666666666668,1.0
nb,em,15,0.9875,0.9875062816684113,0.9885353535353536,0.9875,0.9992857142857143
knn,em,15,0.9958333333333333,0.9958553791887125,0.9962121212121211,0.9958333333333333,0.9964285714285716
rf,em,15,0.9875,0.9875062816684113,0.9885353535353536,0.9875,1.0
dt,em,15,0.9875000000000002,0.987506281668411,0.9885353535353534,0.9875000000000002,0.9878571428571428
gb,em,15,0.9875000000000002,0.9874464257706848,0.9884343434343433,0.9875000000000002,0.9910714285714285
ab,em,15,0.9833333333333334,0.9831323839611802,0.9850315656565657,0.9833333333333334,0.9960714285714285
svc,em,15,0.9916666666666668,0.991710758377425,0.9924242424242424,0.9916666666666668,1.0
ri,em,15,0.9958333333333333,0.9958553791887125,0.9962121212121211,0.9958333333333333,1.0
xgb,em,15,0.9875,0.9875062816684113,0.9885353535353534,0.9875,1.0
lr,em,16,0.9916666666666668,0.991710758377425,0.9924242424242424,0.9916666666666668,1.0
nb,em,16,0.9833333333333334,0.9833616608571237,0.9847474747474749,0.9833333333333334,0.9992857142857143
knn,em,16,0.9916666666666668,0.991710758377425,0.9924242424242424,0.9916666666666668,0.9928571428571429
rf,em,16,0.9916666666666668,0.9916509024796986,0.9923232323232322,0.9916666666666668,0.9992857142857143
dt,em,16,0.9916666666666668,0.991710758377425,0.9924242424242424,0.9916666666666668,0.9928571428571429
gb,em,16,0.9875000000000002,0.987506281668411,0.9885353535353534,0.9875000000000002,0.9960714285714285
ab,em,16,0.9833333333333334,0.98313238396118,0.9850315656565657,0.9833333333333334,0.9960714285714285
svc,em,16,0.9916666666666668,0.991710758377425,0.9924242424242424,0.9916666666666668,1.0
ri,em,16,0.9958333333333333,0.9958553791887125,0.9962121212121211,0.9958333333333333,1.0
xgb,em,16,0.9958333333333333,0.9958553791887125,0.9962121212121211,0.9958333333333333,0.9992857142857143
lr,em,17,0.9916666666666668,0.991710758377425,0.9924242424242424,0.9916666666666668,1.0
nb,em,17,0.9916666666666668,0.991710758377425,0.9924242424242424,0.9916666666666668,1.0
knn,em,17,0.9916666666666668,0.991710758377425,0.9924242424242424,0.9916666666666668,0.9964285714285716
rf,em,17,0.9916666666666668,0.9916509024796986,0.9923232323232322,0.9916666666666668,1.0
dt,em,17,0.9835,0.9834655346395487,0.9847853535353535,0.9835,0.9828571428571429
gb,em,17,0.9875000000000002,0.987506281668411,0.9885353535353534,0.9875000000000002,0.9960714285714285
ab,em,17,0.9833333333333334,0.98313238396118,0.9850315656565657,0.9833333333333334,0.9960714285714285
svc,em,17,0.9916666666666668,0.991710758377425,0.9924242424242424,0.9916666666666668,1.0
ri,em,17,0.9958333333333333,0.9958553791887125,0.9962121212121211,0.9958333333333333,1.0
xgb,em,17,0.9958333333333333,0.9958553791887125,0.9962121212121211,0.9958333333333333,0.9992857142857143
lr,em,18,0.9916666666666668,0.991710758377425,0.9924242424242424,0.9916666666666668,1.0
nb,em,18,0.9875,0.9875062816684113,0.9885353535353536,0.9875,0.9992857142857143
knn,em,18,0.9916666666666668,0.991710758377425,0.9924242424242424,0.9916666666666668,0.9964285714285716
rf,em,18,0.9916666666666668,0.9916509024796986,0.9923232323232322,0.9916666666666668,1.0
dt,em,18,0.9833333333333334,0.9833175691463651,0.983989898989899,0.9833333333333334,0.9828571428571429
gb,em,18,0.9875000000000002,0.987506281668411,0.9885353535353534,0.9875000000000002,0.9960714285714285
ab,em,18,0.9833333333333334,0.98313238396118,0.9850315656565657,0.9833333333333334,0.9960714285714285
svc,em,18,0.9916666666666668,0.991710758377425,0.9924242424242424,0.9916666666666668,1.0
ri,em,18,0.9958333333333333,0.9958553791887125,0.9962121212121211,0.9958333333333333,1.0
xgb,em,18,0.9916666666666668,0.9916509024796987,0.9923232323232323,0.9916666666666668,0.9992857142857143
lr,em,19,0.9916666666666668,0.991710758377425,0.9924242424242424,0.9916666666666668,1.0
nb,em,19,0.9875,0.9875062816684113,0.9885353535353536,0.9875,0.9992857142857143
knn,em,19,0.9916666666666668,0.991710758377425,0.9924242424242424,0.9916666666666668,0.9928571428571429
rf,em,19,0.9916666666666668,0.991710758377425,0.9924242424242424,0.9916666666666668,0.9996428571428572
dt,em,19,0.9875000000000002,0.987506281668411,0.9885353535353534,0.9875000000000002,0.9878571428571428
gb,em,19,0.9916666666666668,0.991710758377425,0.9924242424242424,0.9916666666666668,0.9960714285714285
ab,em,19,0.9833333333333334,0.98313238396118,0.9850315656565657,0.9833333333333334,0.9960714285714285
svc,em,19,0.9916666666666668,0.991710758377425,0.9924242424242424,0.9916666666666668,1.0
ri,em,19,0.9958333333333333,0.9958553791887125,0.9962121212121211,0.9958333333333333,1.0
xgb,em,19,0.9916666666666668,0.9916509024796987,0.9923232323232323,0.9916666666666668,0.9992857142857143
lr,em,20,0.9916666666666668,0.991710758377425,0.9924242424242424,0.9916666666666668,1.0
nb,em,20,0.9875,0.9875062816684113,0.9885353535353536,0.9875,0.9985714285714286
knn,em,20,0.9916666666666668,0.991710758377425,0.9924242424242424,0.9916666666666668,0.9928571428571429
rf,em,20,0.9875000000000002,0.987506281668411,0.9885353535353534,0.9875000000000002,1.0
dt,em,20,0.9958333333333333,0.9958553791887125,0.9962121212121211,0.9958333333333333,0.9964285714285716
gb,em,20,0.9916666666666668,0.991710758377425,0.9924242424242424,0.9916666666666668,0.9960714285714285
ab,em,20,0.9833333333333334,0.98313238396118,0.9850315656565657,0.9833333333333334,0.9960714285714285
svc,em,20,0.9916666666666668,0.991710758377425,0.9924242424242424,0.9916666666666668,1.0
ri,em,20,0.9958333333333333,0.9958553791887125,0.9962121212121211,0.9958333333333333,1.0
xgb,em,20,0.9916666666666668,0.9916509024796987,0.9923232323232323,0.9916666666666668,0.9985714285714286
lr,em,21,0.9916666666666668,0.991710758377425,0.9924242424242424,0.9916666666666668,1.0
nb,em,21,0.9875,0.9875062816684113,0.9885353535353536,0.9875,0.9985714285714286
knn,em,21,0.9916666666666668,0.991710758377425,0.9924242424242424,0.9916666666666668,0.9928571428571429
rf,em,21,0.9875000000000002,0.987506281668411,0.9885353535353534,0.9875000000000002,0.9985714285714286
dt,em,21,0.9916666666666668,0.9916509024796987,0.9923232323232323,0.9916666666666668,0.9914285714285714
gb,em,21,0.9916666666666668,0.991710758377425,0.9924242424242424,0.9916666666666668,0.9960714285714285
ab,em,21,0.9833333333333334,0.98313238396118,0.9850315656565657,0.9833333333333334,0.9960714285714285
svc,em,21,0.9916666666666668,0.991710758377425,0.9924242424242424,0.9916666666666668,1.0
ri,em,21,0.9916666666666668,0.991710758377425,0.9924242424242424,0.9916666666666668,1.0
xgb,em,21,0.9916666666666668,0.9916509024796987,0.9923232323232323,0.9916666666666668,1.0
lr,em,22,0.9958333333333333,0.9958553791887125,0.9962121212121211,0.9958333333333333,1.0
nb,em,22,0.9875,0.9875062816684113,0.9885353535353536,0.9875,0.9992857142857143
knn,em,22,0.9916666666666668,0.991710758377425,0.9924242424242424,0.9916666666666668,0.9964285714285716
rf,em,22,0.9958333333333333,0.9958553791887125,0.9962121212121211,0.9958333333333333,1.0
dt,em,22,0.9916666666666668,0.991710758377425,0.9924242424242424,0.9916666666666668,0.9928571428571429
gb,em,22,0.9916666666666668,0.991710758377425,0.9924242424242424,0.9916666666666668,0.9960714285714285
ab,em,22,0.9875,0.987336860670194,0.9889204545454545,0.9875,0.9960714285714285
svc,em,22,0.9916666666666668,0.991710758377425,0.9924242424242424,0.9916666666666668,1.0
ri,em,22,0.9958333333333333,0.9958553791887125,0.9962121212121211,0.9958333333333333,1.0
xgb,em,22,0.9916666666666668,0.9916509024796987,0.9923232323232323,0.9916666666666668,0.9992857142857143
lr,em,23,0.9958333333333333,0.9958553791887125,0.9962121212121211,0.9958333333333333,1.0
nb,em,23,0.9875,0.9875062816684113,0.9885353535353536,0.9875,0.9992857142857143
knn,em,23,0.9916666666666668,0.991710758377425,0.9924242424242424,0.9916666666666668,0.9964285714285716
rf,em,23,0.9916666666666668,0.9916509024796986,0.9923232323232322,0.9916666666666668,0.9992857142857143
dt,em,23,0.9916666666666668,0.991710758377425,0.9924242424242424,0.9916666666666668,0.9928571428571429
gb,em,23,0.9916666666666668,0.991710758377425,0.9924242424242424,0.9916666666666668,0.9960714285714285
ab,em,23,0.9875000000000002,0.9874464257706845,0.9884343434343433,0.9875000000000002,0.9960714285714285
svc,em,23,0.9916666666666668,0.991710758377425,0.9924242424242424,0.9916666666666668,1.0
ri,em,23,0.9958333333333333,0.9958553791887125,0.9962121212121211,0.9958333333333333,1.0
xgb,em,23,0.9916666666666668,0.9916509024796987,0.9923232323232323,0.9916666666666668,0.9992857142857143
lr,em,24,0.9958333333333333,0.9958553791887125,0.9962121212121211,0.9958333333333333,1.0
nb,em,24,0.9875,0.9875062816684113,0.9885353535353536,0.9875,0.9971428571428571
knn,em,24,0.9916666666666668,0.991710758377425,0.9924242424242424,0.9916666666666668,0.9964285714285716
rf,em,24,0.9875,0.9875204650159277,0.9891666666666665,0.9875,0.9992857142857143
dt,em,24,0.9876666666666667,0.9876700113485626,0.9886742424242424,0.9876666666666667,0.987857142857143
gb,em,24,0.9916666666666668,0.991710758377425,0.9924242424242424,0.9916666666666668,0.9960714285714285
ab,em,24,0.9875000000000002,0.9874464257706845,0.9884343434343433,0.9875000000000002,0.9960714285714285
svc,em,24,0.9958333333333333,0.9958553791887125,0.9962121212121211,0.9958333333333333,1.0
ri,em,24,0.9958333333333333,0.9958553791887125,0.9962121212121211,0.9958333333333333,1.0
xgb,em,24,0.9916666666666668,0.9916509024796987,0.9923232323232323,0.9916666666666668,1.0
lr,em,25,0.9958333333333333,0.9958553791887125,0.9962121212121211,0.9958333333333333,1.0
nb,em,25,0.9875,0.9875062816684113,0.9885353535353536,0.9875,0.9964285714285716
knn,em,25,0.9916666666666668,0.991710758377425,0.9924242424242424,0.9916666666666668,0.9964285714285716
rf,em,25,0.9916666666666668,0.991710758377425,0.9924242424242424,0.9916666666666668,0.9992857142857143
dt,em,25,0.9875,0.9875220458553791,0.9878787878787879,0.9875,0.987857142857143
gb,em,25,0.9916666666666668,0.991710758377425,0.9924242424242424,0.9916666666666668,0.9960714285714285
ab,em,25,0.9916666666666668,0.9916509024796986,0.9923232323232322,0.9916666666666668,0.9960714285714285
svc,em,25,0.9958333333333333,0.9958553791887125,0.9962121212121211,0.9958333333333333,1.0
ri,em,25,0.9958333333333333,0.9958553791887125,0.9962121212121211,0.9958333333333333,1.0
xgb,em,25,0.9916666666666668,0.9916509024796987,0.9923232323232323,0.9916666666666668,0.9992857142857143
lr,em,26,0.9958333333333333,0.9958553791887125,0.9962121212121211,0.9958333333333333,1.0
nb,em,26,0.9833333333333334,0.9833616608571237,0.9847474747474747,0.9833333333333334,0.9964285714285716
knn,em,26,0.9916666666666668,0.991710758377425,0.9924242424242424,0.9916666666666668,0.9964285714285716
rf,em,26,0.9875000000000002,0.987506281668411,0.9885353535353534,0.9875000000000002,0.9996428571428572
dt,em,26,0.9916666666666668,0.991710758377425,0.9924242424242424,0.9916666666666668,0.9928571428571429
gb,em,26,0.9916666666666668,0.991710758377425,0.9924242424242424,0.9916666666666668,0.9960714285714285
ab,em,26,0.9875000000000002,0.9874464257706845,0.9884343434343433,0.9875000000000002,0.9960714285714285
svc,em,26,0.9958333333333333,0.9958553791887125,0.9962121212121211,0.9958333333333333,1.0
ri,em,26,0.9958333333333333,0.9958553791887125,0.9962121212121211,0.9958333333333333,1.0
xgb,em,26,0.9916666666666668,0.9916509024796987,0.9923232323232323,0.9916666666666668,0.9992857142857143
lr,em,27,0.9958333333333333,0.9958553791887125,0.9962121212121211,0.9958333333333333,1.0
nb,em,27,0.9875,0.9875062816684113,0.9885353535353536,0.9875,0.9964285714285716
knn,em,27,0.9916666666666668,0.991710758377425,0.9924242424242424,0.9916666666666668,0.9964285714285716
rf,em,27,0.9875000000000002,0.987506281668411,0.9885353535353534,0.9875000000000002,0.9992857142857143
dt,em,27,0.9916666666666668,0.991710758377425,0.9924242424242424,0.9916666666666668,0.9928571428571429
gb,em,27,0.9916666666666668,0.991710758377425,0.9924242424242424,0.9916666666666668,0.9960714285714285
ab,em,27,0.9875000000000002,0.9874464257706845,0.9884343434343433,0.9875000000000002,0.9960714285714285
svc,em,27,0.9916666666666668,0.991710758377425,0.9924242424242424,0.9916666666666668,1.0
ri,em,27,0.9916666666666668,0.991710758377425,0.9924242424242424,0.9916666666666668,1.0
xgb,em,27,0.9916666666666668,0.9916509024796987,0.9923232323232323,0.9916666666666668,1.0
lr,em,28,0.9958333333333333,0.9958553791887125,0.9962121212121211,0.9958333333333333,1.0
nb,em,28,0.9875,0.9875062816684113,0.9885353535353536,0.9875,0.9957142857142858
knn,em,28,0.9916666666666668,0.991710758377425,0.9924242424242424,0.9916666666666668,0.9964285714285716
rf,em,28,0.9916666666666668,0.9916509024796986,0.9923232323232322,0.9916666666666668,0.9985714285714286
dt,em,28,0.9916666666666668,0.991710758377425,0.9924242424242424,0.9916666666666668,0.9928571428571429
gb,em,28,0.9916666666666668,0.991710758377425,0.9924242424242424,0.9916666666666668,0.9960714285714285
ab,em,28,0.9875000000000002,0.9874464257706848,0.9884343434343433,0.9875000000000002,0.9960714285714285
svc,em,28,0.9958333333333333,0.9958553791887125,0.9962121212121211,0.9958333333333333,1.0
ri,em,28,0.9916666666666668,0.991710758377425,0.9924242424242424,0.9916666666666668,1.0
xgb,em,28,0.9916666666666668,0.9916509024796987,0.9923232323232323,0.9916666666666668,1.0
lr,em,29,0.9958333333333333,0.9958553791887125,0.9962121212121211,0.9958333333333333,1.0
nb,em,29,0.9833333333333334,0.9831922398589066,0.9851325757575757,0.9833333333333334,0.9964285714285716
knn,em,29,0.9958333333333333,0.9958553791887125,0.9962121212121211,0.9958333333333333,0.9964285714285716
rf,em,29,0.9916666666666668,0.9916509024796986,0.9923232323232322,0.9916666666666668,0.9989285714285714
dt,em,29,0.9875,0.9875062816684113,0.9885353535353534,0.9875,0.987857142857143
gb,em,29,0.9916666666666668,0.991710758377425,0.9924242424242424,0.9916666666666668,0.9960714285714285
ab,em,29,0.9916666666666668,0.9916509024796986,0.9923232323232322,0.9916666666666668,0.9960714285714285
svc,em,29,0.9916666666666668,0.991710758377425,0.9924242424242424,0.9916666666666668,1.0
ri,em,29,0.9958333333333333,0.9958553791887125,0.9962121212121211,0.9958333333333333,1.0
xgb,em,29,0.9916666666666668,0.9916509024796987,0.9923232323232323,0.9916666666666668,0.9992857142857143
lr,em,30,0.9958333333333333,0.9958553791887125,0.9962121212121211,0.9958333333333333,1.0
nb,em,30,0.9833333333333334,0.9831922398589066,0.9851325757575757,0.9833333333333334,0.9964285714285716
knn,em,30,0.9958333333333333,0.9958553791887125,0.9962121212121211,0.9958333333333333,0.9964285714285716
rf,em,30,0.9875000000000002,0.987506281668411,0.9885353535353534,0.9875000000000002,1.0
dt,em,30,0.9875000000000002,0.987506281668411,0.9885353535353534,0.9875000000000002,0.9878571428571428
gb,em,30,0.9916666666666668,0.991710758377425,0.9924242424242424,0.9916666666666668,0.9960714285714285
ab,em,30,0.9916666666666668,0.9916509024796986,0.9923232323232322,0.9916666666666668,0.9960714285714285
svc,em,30,0.9916666666666668,0.991710758377425,0.9924242424242424,0.9916666666666668,1.0
ri,em,30,0.9958333333333333,0.9958553791887125,0.9962121212121211,0.9958333333333333,1.0
xgb,em,30,0.9916666666666668,0.9916509024796987,0.9923232323232323,0.9916666666666668,0.9992857142857143
lr,em,31,0.9958333333333333,0.9958553791887125,0.9962121212121211,0.9958333333333333,1.0
nb,em,31,0.9833333333333334,0.9831922398589066,0.9851325757575757,0.9833333333333334,0.9964285714285716
knn,em,31,0.9958333333333333,0.9958553791887125,0.9962121212121211,0.9958333333333333,0.9964285714285716
rf,em,31,0.9875000000000002,0.987506281668411,0.9885353535353534,0.9875000000000002,0.9992857142857143
dt,em,31,0.9916666666666668,0.991710758377425,0.9924242424242424,0.9916666666666668,0.9928571428571429
gb,em,31,0.9916666666666668,0.991710758377425,0.9924242424242424,0.9916666666666668,0.9960714285714285
ab,em,31,0.9916666666666668,0.9916509024796986,0.9923232323232322,0.9916666666666668,0.9960714285714285
svc,em,31,0.9916666666666668,0.991710758377425,0.9924242424242424,0.9916666666666668,1.0
ri,em,31,0.9916666666666668,0.991710758377425,0.9924242424242424,0.9916666666666668,1.0
xgb,em,31,0.9916666666666668,0.9916509024796987,0.9923232323232323,0.9916666666666668,1.0
lr,em,32,0.9958333333333333,0.9958553791887125,0.9962121212121211,0.9958333333333333,1.0
nb,em,32,0.9791666666666667,0.9790476190476192,0.9813446969696971,0.9791666666666667,0.9964285714285716
knn,em,32,0.9875000000000002,0.9875661375661375,0.9886363636363636,0.9875000000000002,0.9964285714285716
rf,em,32,0.9875000000000002,0.987506281668411,0.9885353535353534,0.9875000000000002,1.0
dt,em,32,0.9835,0.9834655346395487,0.9847853535353535,0.9835,0.9828571428571429
gb,em,32,0.9916666666666668,0.991710758377425,0.9924242424242424,0.9916666666666668,0.9960714285714285
ab,em,32,0.9875000000000002,0.9874464257706848,0.9884343434343433,0.9875000000000002,0.9960714285714285
svc,em,32,0.9916666666666668,0.991710758377425,0.9924242424242424,0.9916666666666668,1.0
ri,em,32,0.9958333333333333,0.9958553791887125,0.9962121212121211,0.9958333333333333,1.0
xgb,em,32,0.9916666666666668,0.9916509024796987,0.9923232323232323,0.9916666666666668,0.9992857142857143
lr,em,33,0.9958333333333333,0.9958553791887125,0.9962121212121211,0.9958333333333333,1.0
nb,em,33,0.9791666666666667,0.9790476190476192,0.9813446969696971,0.9791666666666667,0.9964285714285716
knn,em,33,0.9875000000000002,0.9875661375661375,0.9886363636363636,0.9875000000000002,0.9964285714285716
rf,em,33,0.9916666666666668,0.991710758377425,0.9924242424242424,0.9916666666666668,0.9992857142857143
dt,em,33,0.9916666666666668,0.991710758377425,0.9924242424242424,0.9916666666666668,0.9928571428571429
gb,em,33,0.9916666666666668,0.991710758377425,0.9924242424242424,0.9916666666666668,0.9960714285714285
ab,em,33,0.9875000000000002,0.9874464257706848,0.9884343434343433,0.9875000000000002,0.9960714285714285
svc,em,33,0.9916666666666668,0.991710758377425,0.9924242424242424,0.9916666666666668,1.0
ri,em,33,0.9916666666666668,0.991710758377425,0.9924242424242424,0.9916666666666668,1.0
xgb,em,33,0.9916666666666668,0.9916509024796987,0.9923232323232323,0.9916666666666668,1.0
lr,em,34,0.9958333333333333,0.9958553791887125,0.9962121212121211,0.9958333333333333,1.0
nb,em,34,0.9791666666666667,0.9790476190476192,0.9813446969696971,0.9791666666666667,0.9914285714285714
knn,em,34,0.9916666666666668,0.991710758377425,0.9924242424242424,0.9916666666666668,0.9964285714285716
rf,em,34,0.9875000000000002,0.987506281668411,0.9885353535353534,0.9875000000000002,1.0
dt,em,34,0.9875000000000002,0.987506281668411,0.9885353535353534,0.9875000000000002,0.9878571428571428
gb,em,34,0.9916666666666668,0.991710758377425,0.9924242424242424,0.9916666666666668,0.9960714285714285
ab,em,34,0.9916666666666668,0.9916509024796986,0.9923232323232322,0.9916666666666668,0.9960714285714285
svc,em,34,0.9916666666666668,0.991710758377425,0.9924242424242424,0.9916666666666668,1.0
ri,em,34,0.9916666666666668,0.991710758377425,0.9924242424242424,0.9916666666666668,1.0
xgb,em,34,0.9916666666666668,0.9916509024796987,0.9923232323232323,0.9916666666666668,0.9992857142857143
lr,em,35,0.9958333333333333,0.9958553791887125,0.9962121212121211,0.9958333333333333,1.0
nb,em,35,0.9666666666666668,0.9666279399612734,0.9706123737373739,0.9666666666666668,0.9907142857142859
knn,em,35,0.9916666666666668,0.991710758377425,0.9924242424242424,0.9916666666666668,0.9964285714285716
rf,em,35,0.9875,0.9875803209136542,0.9892676767676768,0.9875,1.0
dt,em,35,0.9875,0.9875062816684113,0.9885353535353534,0.9875,0.987857142857143
gb,em,35,0.9916666666666668,0.991710758377425,0.9924242424242424,0.9916666666666668,0.9960714285714285
ab,em,35,0.9916666666666668,0.9916509024796986,0.9923232323232322,0.9916666666666668,0.9960714285714285
svc,em,35,0.9916666666666668,0.991710758377425,0.9924242424242424,0.9916666666666668,1.0
ri,em,35,0.9916666666666668,0.991710758377425,0.9924242424242424,0.9916666666666668,1.0
xgb,em,35,0.9916666666666668,0.9916509024796987,0.9923232323232323,0.9916666666666668,1.0
lr,em,36,0.9958333333333333,0.9958553791887125,0.9962121212121211,0.9958333333333333,1.0
nb,em,36,0.975,0.9749029982363316,0.9775568181818182,0.975,0.9964285714285716
knn,em,36,0.9875000000000002,0.9875661375661375,0.9886363636363636,0.9875000000000002,0.9960714285714285
rf,em,36,0.9875000000000002,0.987506281668411,0.9885353535353534,0.9875000000000002,1.0
dt,em,36,0.9916666666666668,0.991710758377425,0.9924242424242424,0.9916666666666668,0.9928571428571429
gb,em,36,0.9916666666666668,0.991710758377425,0.9924242424242424,0.9916666666666668,0.9960714285714285
ab,em,36,0.9875000000000002,0.9874464257706848,0.9884343434343433,0.9875000000000002,0.9960714285714285
svc,em,36,0.9916666666666668,0.991710758377425,0.9924242424242424,0.9916666666666668,1.0
ri,em,36,0.9916666666666668,0.991710758377425,0.9924242424242424,0.9916666666666668,1.0
xgb,em,36,0.9916666666666668,0.9916509024796987,0.9923232323232323,0.9916666666666668,0.9992857142857143
lr,em,37,0.9958333333333333,0.9958553791887125,0.9962121212121211,0.9958333333333333,1.0
nb,em,37,0.975,0.9749029982363316,0.9775568181818182,0.975,0.99
knn,em,37,0.9875000000000002,0.9875661375661375,0.9886363636363636,0.9875000000000002,0.9964285714285716
rf,em,37,0.9875000000000002,0.987506281668411,0.9885353535353534,0.9875000000000002,1.0
dt,em,37,0.9875,0.9875062816684113,0.9885353535353534,0.9875,0.987857142857143
gb,em,37,0.9916666666666668,0.991710758377425,0.9924242424242424,0.9916666666666668,0.9960714285714285
ab,em,37,0.9916666666666668,0.9916509024796986,0.9923232323232322,0.9916666666666668,0.9960714285714285
svc,em,37,0.9916666666666668,0.991710758377425,0.9924242424242424,0.9916666666666668,1.0
ri,em,37,0.9916666666666668,0.991710758377425,0.9924242424242424,0.9916666666666668,1.0
xgb,em,37,0.9958333333333333,0.9958553791887125,0.9962121212121211,0.9958333333333333,0.9985714285714286
lr,em,38,0.9958333333333333,0.9958553791887125,0.9962121212121211,0.9958333333333333,1.0
nb,em,38,0.9666666666666668,0.9666279399612734,0.9706123737373739,0.9666666666666668,0.9914285714285714
knn,em,38,0.9875000000000002,0.9875661375661375,0.9886363636363636,0.9875000000000002,0.9960714285714285
rf,em,38,0.9833333333333334,0.9833018049593972,0.9846464646464647,0.9833333333333334,0.9992857142857143
dt,em,38,0.9875,0.9875062816684113,0.9885353535353534,0.9875,0.987857142857143
gb,em,38,0.9916666666666668,0.991710758377425,0.9924242424242424,0.9916666666666668,0.9960714285714285
ab,em,38,0.9875000000000002,0.9874464257706848,0.9884343434343433,0.9875000000000002,0.9960714285714285
svc,em,38,0.9916666666666668,0.991710758377425,0.9924242424242424,0.9916666666666668,1.0
ri,em,38,0.9916666666666668,0.991710758377425,0.9924242424242424,0.9916666666666668,1.0
xgb,em,38,0.9916666666666668,0.9916509024796987,0.9923232323232323,0.9916666666666668,0.9992857142857143
lr,em,39,0.9958333333333333,0.9958553791887125,0.9962121212121211,0.9958333333333333,1.0
nb,em,39,0.9708333333333334,0.9707583774250441,0.9737689393939395,0.9708333333333334,0.99
knn,em,39,0.9875000000000002,0.9875661375661375,0.9886363636363636,0.9875000000000002,0.9964285714285716
rf,em,39,0.9875,0.9875062816684113,0.9885353535353536,0.9875,1.0
dt,em,39,0.9916666666666668,0.991710758377425,0.9924242424242424,0.9916666666666668,0.9928571428571429
gb,em,39,0.9916666666666668,0.991710758377425,0.9924242424242424,0.9916666666666668,0.9960714285714285
ab,em,39,0.9875000000000002,0.9874464257706848,0.9884343434343433,0.9875000000000002,0.9960714285714285
svc,em,39,0.9916666666666668,0.991710758377425,0.9924242424242424,0.9916666666666668,1.0
ri,em,39,0.9916666666666668,0.991710758377425,0.9924242424242424,0.9916666666666668,1.0
xgb,em,39,0.9916666666666668,0.9916509024796987,0.9923232323232323,0.9916666666666668,0.9992857142857143
lr,em,40,0.9958333333333333,0.9958553791887125,0.9962121212121211,0.9958333333333333,1.0
nb,em,40,0.9791666666666666,0.9790618023951356,0.98197601010101,0.9791666666666666,0.9957142857142858
knn,em,40,0.9875000000000002,0.9875661375661375,0.9886363636363636,0.9875000000000002,0.9964285714285716
rf,em,40,0.9875000000000002,0.987506281668411,0.9885353535353534,0.9875000000000002,0.9992857142857143
dt,em,40,0.9875,0.9875062816684113,0.9885353535353534,0.9875,0.987857142857143
gb,em,40,0.9916666666666668,0.991710758377425,0.9924242424242424,0.9916666666666668,0.9960714285714285
ab,em,40,0.9916666666666668,0.9916509024796986,0.9923232323232322,0.9916666666666668,0.9960714285714285
svc,em,40,0.9916666666666668,0.991710758377425,0.9924242424242424,0.9916666666666668,1.0
ri,em,40,0.9916666666666668,0.991710758377425,0.9924242424242424,0.9916666666666668,1.0
xgb,em,40,0.9916666666666668,0.9916509024796987,0.9923232323232323,0.9916666666666668,0.9985714285714286
lr,em,41,0.9958333333333333,0.9958553791887125,0.9962121212121211,0.9958333333333333,1.0
nb,em,41,0.9708333333333334,0.9707583774250441,0.9737689393939395,0.9708333333333334,0.99
knn,em,41,0.9916666666666668,0.991710758377425,0.9924242424242424,0.9916666666666668,0.9964285714285716
rf,em,41,0.9833333333333334,0.9833758442046403,0.9853787878787879,0.9833333333333334,1.0
dt,em,41,0.9833333333333334,0.9833018049593972,0.9846464646464647,0.9833333333333334,0.9828571428571429
gb,em,41,0.9916666666666668,0.991710758377425,0.9924242424242424,0.9916666666666668,0.9960714285714285
ab,em,41,0.9875000000000002,0.9874464257706848,0.9884343434343433,0.9875000000000002,0.9960714285714285
svc,em,41,0.9916666666666668,0.991710758377425,0.9924242424242424,0.9916666666666668,1.0
ri,em,41,0.9916666666666668,0.991710758377425,0.9924242424242424,0.9916666666666668,1.0
xgb,em,41,0.9916666666666668,0.9916509024796987,0.9923232323232323,0.9916666666666668,1.0
lr,em,42,0.9958333333333333,0.9958553791887125,0.9962121212121211,0.9958333333333333,1.0
nb,em,42,0.9666666666666668,0.9666279399612734,0.9706123737373739,0.9666666666666668,0.9907142857142859
knn,em,42,0.9875000000000002,0.9875661375661375,0.9886363636363636,0.9875000000000002,0.9964285714285716
rf,em,42,0.9875000000000002,0.987506281668411,0.9885353535353534,0.9875000000000002,0.9996428571428572
dt,em,42,0.9875,0.9875062816684113,0.9885353535353534,0.9875,0.987857142857143
gb,em,42,0.9916666666666668,0.991710758377425,0.9924242424242424,0.9916666666666668,0.9960714285714285
ab,em,42,0.9875000000000002,0.9874464257706848,0.9884343434343433,0.9875000000000002,0.9960714285714285
svc,em,42,0.9916666666666668,0.991710758377425,0.9924242424242424,0.9916666666666668,1.0
ri,em,42,0.9916666666666668,0.991710758377425,0.9924242424242424,0.9916666666666668,1.0
xgb,em,42,0.9916666666666668,0.9916509024796987,0.9923232323232323,0.9916666666666668,0.9992857142857143
lr,em,43,0.9958333333333333,0.9958553791887125,0.9962121212121211,0.9958333333333333,1.0
nb,em,43,0.9625,0.9624975024975025,0.9674558080808081,0.9625,0.99
knn,em,43,0.9875000000000002,0.9875661375661375,0.9886363636363636,0.9875000000000002,0.9964285714285716
rf,em,43,0.9833333333333334,0.9833758442046403,0.9853787878787879,0.9833333333333334,0.9985714285714286
dt,em,43,0.9916666666666668,0.991710758377425,0.9924242424242424,0.9916666666666668,0.9928571428571429
gb,em,43,0.9916666666666668,0.991710758377425,0.9924242424242424,0.9916666666666668,0.9960714285714285
ab,em,43,0.9916666666666668,0.9916509024796986,0.9923232323232322,0.9916666666666668,0.9960714285714285
svc,em,43,0.9916666666666668,0.991710758377425,0.9924242424242424,0.9916666666666668,1.0
ri,em,43,0.9916666666666668,0.991710758377425,0.9924242424242424,0.9916666666666668,1.0
xgb,em,43,0.9916666666666668,0.9916509024796987,0.9923232323232323,0.9916666666666668,1.0
lr,em,44,0.9958333333333333,0.9958553791887125,0.9962121212121211,0.9958333333333333,1.0
nb,em,44,0.9625,0.9624392274392275,0.9660669191919193,0.9625,0.99
knn,em,44,0.9875000000000002,0.9875661375661375,0.9886363636363636,0.9875000000000002,0.9964285714285716
rf,em,44,0.9875000000000002,0.987506281668411,0.9885353535353534,0.9875000000000002,0.9992857142857143
dt,em,44,0.9916666666666668,0.991710758377425,0.9924242424242424,0.9916666666666668,0.9928571428571429
gb,em,44,0.9916666666666668,0.991710758377425,0.9924242424242424,0.9916666666666668,0.9960714285714285
ab,em,44,0.9875000000000002,0.9874464257706848,0.9884343434343433,0.9875000000000002,0.9960714285714285
svc,em,44,0.9916666666666668,0.991710758377425,0.9924242424242424,0.9916666666666668,1.0
ri,em,44,0.9916666666666668,0.991710758377425,0.9924242424242424,0.9916666666666668,1.0
xgb,em,44,0.9916666666666668,0.9916509024796987,0.9923232323232323,0.9916666666666668,0.9971428571428571
lr,em,45,0.9958333333333333,0.9958553791887125,0.9962121212121211,0.9958333333333333,1.0
nb,em,45,0.9625,0.9624975024975025,0.9674558080808081,0.9625,0.99
knn,em,45,0.9875000000000002,0.9875661375661375,0.9886363636363636,0.9875000000000002,0.9960714285714285
rf,em,45,0.9791666666666667,0.9791713674956263,0.981489898989899,0.9791666666666667,0.9996428571428572
dt,em,45,0.9916666666666668,0.991710758377425,0.9924242424242424,0.9916666666666668,0.9928571428571429
gb,em,45,0.9916666666666668,0.991710758377425,0.9924242424242424,0.9916666666666668,0.9960714285714285
ab,em,45,0.9875000000000002,0.9874464257706848,0.9884343434343433,0.9875000000000002,0.9960714285714285
svc,em,45,0.9916666666666668,0.991710758377425,0.9924242424242424,0.9916666666666668,1.0
ri,em,45,0.9916666666666668,0.991710758377425,0.9924242424242424,0.9916666666666668,1.0
xgb,em,45,0.9916666666666668,0.9916509024796987,0.9923232323232323,0.9916666666666668,0.9964285714285716
lr,em,46,0.9958333333333333,0.9958553791887125,0.9962121212121211,0.9958333333333333,1.0
nb,em,46,0.9625,0.9624975024975025,0.9674558080808081,0.9625,0.99
knn,em,46,0.9875000000000002,0.9875661375661375,0.9886363636363636,0.9875000000000002,0.9960714285714285
rf,em,46,0.9833333333333334,0.9833758442046403,0.9853787878787881,0.9833333333333334,1.0
dt,em,46,0.9916666666666668,0.991710758377425,0.9924242424242424,0.9916666666666668,0.9928571428571429
gb,em,46,0.9916666666666668,0.991710758377425,0.9924242424242424,0.9916666666666668,0.9960714285714285
ab,em,46,0.9875000000000002,0.9874464257706848,0.9884343434343433,0.9875000000000002,0.9960714285714285
svc,em,46,0.9916666666666668,0.991710758377425,0.9924242424242424,0.9916666666666668,1.0
ri,em,46,0.9916666666666668,0.991710758377425,0.9924242424242424,0.9916666666666668,1.0
xgb,em,46,0.9916666666666668,0.9916509024796987,0.9923232323232323,0.9916666666666668,0.9992857142857143
lr,em,47,0.9958333333333333,0.9958553791887125,0.9962121212121211,0.9958333333333333,1.0
nb,em,47,0.9625,0.9624975024975025,0.9674558080808081,0.9625,0.99
knn,em,47,0.9875000000000002,0.9875661375661375,0.9886363636363636,0.9875000000000002,0.9957142857142858
rf,em,47,0.9833333333333334,0.9833758442046403,0.9853787878787879,0.9833333333333334,0.9992857142857143
dt,em,47,0.9833333333333334,0.9833018049593972,0.9846464646464647,0.9833333333333334,0.9828571428571429
gb,em,47,0.9916666666666668,0.991710758377425,0.9924242424242424,0.9916666666666668,0.9960714285714285
ab,em,47,0.9875000000000002,0.9874464257706848,0.9884343434343433,0.9875000000000002,0.9960714285714285
svc,em,47,0.9916666666666668,0.991710758377425,0.9924242424242424,0.9916666666666668,1.0
ri,em,47,0.9875,0.9875220458553791,0.9878787878787879,0.9875,0.9992857142857143
xgb,em,47,0.9916666666666668,0.9916509024796987,0.9923232323232323,0.9916666666666668,0.9992857142857143
lr,em,48,0.9958333333333333,0.9958553791887125,0.9962121212121211,0.9958333333333333,1.0
nb,em,48,0.9625,0.9624975024975025,0.9674558080808081,0.9625,0.9871428571428572
knn,em,48,0.9875000000000002,0.9875661375661375,0.9886363636363636,0.9875000000000002,0.9992857142857143
rf,em,48,0.9833333333333334,0.9833018049593972,0.9846464646464647,0.9833333333333334,0.9982142857142857
dt,em,48,0.9916666666666668,0.991710758377425,0.9924242424242424,0.9916666666666668,0.9928571428571429
gb,em,48,0.9916666666666668,0.991710758377425,0.9924242424242424,0.9916666666666668,0.9960714285714285
ab,em,48,0.9916666666666668,0.9916509024796986,0.9923232323232322,0.9916666666666668,0.9960714285714285
svc,em,48,0.9916666666666668,0.991710758377425,0.9924242424242424,0.9916666666666668,1.0
ri,em,48,0.9875,0.9875220458553791,0.9878787878787879,0.9875,0.9992857142857143
xgb,em,48,0.9916666666666668,0.9916509024796987,0.9923232323232323,0.9916666666666668,0.9992857142857143
lr,em,49,0.9958333333333333,0.9958553791887125,0.9962121212121211,0.9958333333333333,1.0
nb,em,49,0.9625,0.9624975024975025,0.9674558080808081,0.9625,0.9871428571428572
knn,em,49,0.9875000000000002,0.9875661375661375,0.9886363636363636,0.9875000000000002,0.9992857142857143
rf,em,49,0.9833333333333334,0.9833018049593972,0.9846464646464647,0.9833333333333334,1.0
dt,em,49,0.9876666666666667,0.9876700113485626,0.9886742424242424,0.9876666666666667,0.987857142857143
gb,em,49,0.9916666666666668,0.991710758377425,0.9924242424242424,0.9916666666666668,0.9960714285714285
ab,em,49,0.9875000000000002,0.9874464257706848,0.9884343434343433,0.9875000000000002,0.9960714285714285
svc,em,49,0.9916666666666668,0.991710758377425,0.9924242424242424,0.9916666666666668,1.0
ri,em,49,0.9875,0.9875220458553791,0.9878787878787879,0.9875,0.9992857142857143
xgb,em,49,0.9916666666666668,0.9916509024796987,0.9923232323232323,0.9916666666666668,0.9992857142857143
lr,em,50,0.9958333333333333,0.9958553791887125,0.9962121212121211,0.9958333333333333,1.0
nb,em,50,0.9625,0.9624392274392275,0.9660669191919192,0.9625,0.9871428571428572
knn,em,50,0.9833333333333334,0.9834215167548501,0.984848484848485,0.9833333333333334,0.9992857142857143
rf,em,50,0.9833333333333334,0.9833758442046403,0.9853787878787881,0.9833333333333334,1.0
dt,em,50,0.9791666666666666,0.9791130924373513,0.9801010101010101,0.9791666666666666,0.9778571428571429
gb,em,50,0.9916666666666668,0.991710758377425,0.9924242424242424,0.9916666666666668,0.9960714285714285
ab,em,50,0.9875000000000002,0.9874464257706848,0.9884343434343433,0.9875000000000002,0.9960714285714285
svc,em,50,0.9916666666666668,0.991710758377425,0.9924242424242424,0.9916666666666668,0.9992857142857143
ri,em,50,0.9875,0.9875220458553791,0.9878787878787879,0.9875,0.9992857142857143
xgb,em,50,0.9916666666666668,0.9916509024796987,0.9923232323232323,0.9916666666666668,0.9985714285714286
lr,em,51,0.9958333333333333,0.9958553791887125,0.9962121212121211,0.9958333333333333,1.0
nb,em,51,0.9583333333333334,0.9583087899754567,0.9629103535353536,0.9583333333333334,0.9864285714285714
knn,em,51,0.9875000000000002,0.9875661375661375,0.9886363636363636,0.9875000000000002,0.9992857142857143
rf,em,51,0.9833333333333334,0.9833018049593972,0.9846464646464647,0.9833333333333334,0.9996428571428572
dt,em,51,0.9791666666666667,0.9791130924373513,0.9801010101010099,0.9791666666666667,0.9778571428571429
gb,em,51,0.9916666666666668,0.991710758377425,0.9924242424242424,0.9916666666666668,0.9960714285714285
ab,em,51,0.9875000000000002,0.9874464257706848,0.9884343434343433,0.9875000000000002,0.9960714285714285
svc,em,51,0.9916666666666668,0.991710758377425,0.9924242424242424,0.9916666666666668,1.0
ri,em,51,0.9875,0.9875220458553791,0.9878787878787879,0.9875,0.9992857142857143
xgb,em,51,0.9916666666666668,0.9916509024796987,0.9923232323232323,0.9916666666666668,1.0
lr,em,52,0.9958333333333333,0.9958553791887125,0.9962121212121211,0.9958333333333333,1.0
nb,em,52,0.9583333333333334,0.9583087899754567,0.9629103535353536,0.9583333333333334,0.9871428571428572
knn,em,52,0.9875000000000002,0.9875661375661375,0.9886363636363636,0.9875000000000002,0.9992857142857143
rf,em,52,0.9833333333333334,0.9833758442046403,0.9853787878787879,0.9833333333333334,0.9985714285714286
dt,em,52,0.9916666666666668,0.991710758377425,0.9924242424242424,0.9916666666666668,0.9928571428571429
gb,em,52,0.9916666666666668,0.991710758377425,0.9924242424242424,0.9916666666666668,0.9960714285714285
ab,em,52,0.9916666666666668,0.9916509024796986,0.9923232323232322,0.9916666666666668,0.9960714285714285
svc,em,52,0.9916666666666668,0.991710758377425,0.9924242424242424,0.9916666666666668,0.9992857142857143
ri,em,52,0.9875,0.9875220458553791,0.9878787878787879,0.9875,0.9992857142857143
xgb,em,52,0.9916666666666668,0.9916509024796987,0.9923232323232323,0.9916666666666668,1.0
lr,em,53,0.9958333333333333,0.9958553791887125,0.9962121212121211,0.9958333333333333,1.0
nb,em,53,0.9625,0.9624975024975025,0.9674558080808081,0.9625,0.9864285714285714
knn,em,53,0.9833333333333334,0.9834215167548501,0.984848484848485,0.9833333333333334,0.9992857142857143
rf,em,53,0.9833333333333334,0.9833018049593972,0.9846464646464647,0.9833333333333334,0.9985714285714286
dt,em,53,0.9833333333333334,0.9833018049593972,0.9846464646464647,0.9833333333333334,0.9828571428571429
gb,em,53,0.9916666666666668,0.991710758377425,0.9924242424242424,0.9916666666666668,0.9960714285714285
ab,em,53,0.9875000000000002,0.9874464257706848,0.9884343434343433,0.9875000000000002,0.9960714285714285
svc,em,53,0.9916666666666668,0.991710758377425,0.9924242424242424,0.9916666666666668,0.9992857142857143
ri,em,53,0.9875,0.9875220458553791,0.9878787878787879,0.9875,0.9992857142857143
xgb,em,53,0.9916666666666668,0.9916509024796987,0.9923232323232323,0.9916666666666668,1.0
lr,em,54,0.9958333333333333,0.9958553791887125,0.9962121212121211,0.9958333333333333,1.0
nb,em,54,0.9583333333333334,0.9583087899754567,0.9629103535353536,0.9583333333333334,0.9864285714285714
knn,em,54,0.9833333333333334,0.9834215167548501,0.984848484848485,0.9833333333333334,0.9992857142857143
rf,em,54,0.9875000000000002,0.987506281668411,0.9885353535353534,0.9875000000000002,0.9996428571428572
dt,em,54,0.9916666666666668,0.9916509024796987,0.9923232323232323,0.9916666666666668,0.9914285714285714
gb,em,54,0.9916666666666668,0.991710758377425,0.9924242424242424,0.9916666666666668,0.9960714285714285
ab,em,54,0.9916666666666668,0.9916509024796986,0.9923232323232322,0.9916666666666668,0.9960714285714285
svc,em,54,0.9916666666666668,0.991710758377425,0.9924242424242424,0.9916666666666668,0.9992857142857143
ri,em,54,0.9875,0.9875220458553791,0.9878787878787879,0.9875,0.9992857142857143
xgb,em,54,0.9916666666666668,0.9916509024796987,0.9923232323232323,0.9916666666666668,0.9971428571428571
lr,em,55,0.9958333333333333,0.9958553791887125,0.9962121212121211,0.9958333333333333,1.0
nb,em,55,0.9625,0.9624975024975025,0.9674558080808081,0.9625,0.9864285714285714
knn,em,55,0.9833333333333334,0.9834215167548501,0.984848484848485,0.9833333333333334,0.9992857142857143
rf,em,55,0.9833333333333334,0.9833159883069138,0.9852777777777778,0.9833333333333334,0.9992857142857143
dt,em,55,0.9876666666666667,0.9876700113485626,0.9886742424242424,0.9876666666666667,0.987857142857143
gb,em,55,0.9916666666666668,0.991710758377425,0.9924242424242424,0.9916666666666668,0.9960714285714285
ab,em,55,0.9875000000000002,0.9874464257706848,0.9884343434343433,0.9875000000000002,0.9960714285714285
svc,em,55,0.9916666666666668,0.991710758377425,0.9924242424242424,0.9916666666666668,0.9992857142857143
ri,em,55,0.9875,0.9875220458553791,0.9878787878787879,0.9875,0.9992857142857143
xgb,em,55,0.9916666666666668,0.9916509024796987,0.9923232323232323,0.9916666666666668,0.9992857142857143
lr,em,56,0.9958333333333333,0.9958553791887125,0.9962121212121211,0.9958333333333333,1.0
nb,em,56,0.9583333333333334,0.9583087899754567,0.9629103535353536,0.9583333333333334,0.9857142857142858
knn,em,56,0.9875000000000002,0.9875661375661375,0.9886363636363636,0.9875000000000002,0.9992857142857143
rf,em,56,0.9833333333333334,0.9833758442046403,0.9853787878787879,0.9833333333333334,0.9992857142857143
dt,em,56,0.9875000000000002,0.987506281668411,0.9885353535353534,0.9875000000000002,0.9878571428571428
gb,em,56,0.9916666666666668,0.991710758377425,0.9924242424242424,0.9916666666666668,0.9960714285714285
ab,em,56,0.9875000000000002,0.9874464257706848,0.9884343434343433,0.9875000000000002,0.9960714285714285
svc,em,56,0.9916666666666668,0.991710758377425,0.9924242424242424,0.9916666666666668,0.9992857142857143
ri,em,56,0.9875,0.9875220458553791,0.9878787878787879,0.9875,0.9992857142857143
xgb,em,56,0.9916666666666668,0.9916509024796987,0.9923232323232323,0.9916666666666668,0.9992857142857143
lr,em,57,0.9958333333333333,0.9958553791887125,0.9962121212121211,0.9958333333333333,1.0
nb,em,57,0.9583333333333334,0.9583087899754567,0.9629103535353536,0.9583333333333334,0.9864285714285714
knn,em,57,0.9833333333333334,0.9834215167548501,0.984848484848485,0.9833333333333334,0.9992857142857143
rf,em,57,0.9833333333333334,0.9833018049593972,0.9846464646464647,0.9833333333333334,0.9992857142857143
dt,em,57,0.9875000000000002,0.9874464257706848,0.9884343434343433,0.9875000000000002,0.9864285714285714
gb,em,57,0.9916666666666668,0.991710758377425,0.9924242424242424,0.9916666666666668,0.9960714285714285
ab,em,57,0.9875000000000002,0.9874464257706848,0.9884343434343433,0.9875000000000002,0.9960714285714285
svc,em,57,0.9916666666666668,0.991710758377425,0.9924242424242424,0.9916666666666668,0.9992857142857143
ri,em,57,0.9875,0.9875220458553791,0.9878787878787879,0.9875,0.9992857142857143
xgb,em,57,0.9958333333333333,0.9958553791887125,0.9962121212121211,0.9958333333333333,0.9985714285714286
lr,em,58,0.9958333333333333,0.9958553791887125,0.9962121212121211,0.9958333333333333,1.0
nb,em,58,0.9583333333333334,0.9583087899754567,0.9629103535353536,0.9583333333333334,0.9857142857142858
knn,em,58,0.9833333333333334,0.9834215167548501,0.984848484848485,0.9833333333333334,0.9992857142857143
rf,em,58,0.9875000000000002,0.9874464257706848,0.9884343434343433,0.9875000000000002,1.0
dt,em,58,0.9916666666666668,0.991710758377425,0.9924242424242424,0.9916666666666668,0.9928571428571429
gb,em,58,0.9916666666666668,0.991710758377425,0.9924242424242424,0.9916666666666668,0.9960714285714285
ab,em,58,0.9875000000000002,0.9874464257706848,0.9884343434343433,0.9875000000000002,0.9960714285714285
svc,em,58,0.9916666666666668,0.991710758377425,0.9924242424242424,0.9916666666666668,0.9992857142857143
ri,em,58,0.9875,0.9875220458553791,0.9878787878787879,0.9875,0.9992857142857143
xgb,em,58,0.9916666666666668,0.9916509024796987,0.9923232323232323,0.9916666666666668,1.0
lr,em,59,0.9958333333333333,0.9958553791887125,0.9962121212121211,0.9958333333333333,1.0
nb,em,59,0.9625,0.9624975024975025,0.9674558080808081,0.9625,0.9857142857142858
knn,em,59,0.9791666666666667,0.9792768959435627,0.9810606060606061,0.9791666666666667,0.9992857142857143
rf,em,59,0.9875000000000002,0.9874464257706848,0.9884343434343433,0.9875000000000002,0.9992857142857143
dt,em,59,0.9916666666666668,0.991710758377425,0.9924242424242424,0.9916666666666668,0.9928571428571429
gb,em,59,0.9916666666666668,0.991710758377425,0.9924242424242424,0.9916666666666668,0.9960714285714285
ab,em,59,0.9875000000000002,0.9874464257706848,0.9884343434343433,0.9875000000000002,0.9960714285714285
svc,em,59,0.9916666666666668,0.991710758377425,0.9924242424242424,0.9916666666666668,0.9992857142857143
ri,em,59,0.9875,0.9875220458553791,0.9878787878787879,0.9875,0.9992857142857143
xgb,em,59,0.9916666666666668,0.9916509024796987,0.9923232323232323,0.9916666666666668,0.9992857142857143
lr,em,60,0.9958333333333333,0.9958553791887125,0.9962121212121211,0.9958333333333333,1.0
nb,em,60,0.9583333333333334,0.9583087899754567,0.9629103535353536,0.9583333333333334,0.9757142857142856
knn,em,60,0.9833333333333334,0.9834215167548501,0.984848484848485,0.9833333333333334,0.9992857142857143
rf,em,60,0.9916666666666668,0.991710758377425,0.9924242424242424,0.9916666666666668,0.9996428571428572
dt,em,60,0.9833333333333334,0.9833175691463654,0.983989898989899,0.9833333333333334,0.9828571428571429
gb,em,60,0.9916666666666668,0.991710758377425,0.9924242424242424,0.9916666666666668,0.9960714285714285
ab,em,60,0.9916666666666668,0.9916509024796986,0.9923232323232322,0.9916666666666668,0.9960714285714285
svc,em,60,0.9916666666666668,0.991710758377425,0.9924242424242424,0.9916666666666668,0.9992857142857143
ri,em,60,0.9875,0.9875220458553791,0.9878787878787879,0.9875,0.9992857142857143
xgb,em,60,0.9916666666666668,0.9916509024796987,0.9923232323232323,0.9916666666666668,0.9992857142857143
lr,em,61,0.9958333333333333,0.9958553791887125,0.9962121212121211,0.9958333333333333,1.0
nb,em,61,0.9625,0.9624975024975025,0.9674558080808081,0.9625,0.9864285714285714
knn,em,61,0.9791666666666667,0.9792768959435627,0.9810606060606061,0.9791666666666667,0.9992857142857143
rf,em,61,0.9833333333333334,0.9833018049593972,0.9846464646464647,0.9833333333333334,0.9985714285714286
dt,em,61,0.9875,0.9875062816684113,0.9885353535353534,0.9875,0.987857142857143
gb,em,61,0.9916666666666668,0.991710758377425,0.9924242424242424,0.9916666666666668,0.9960714285714285
ab,em,61,0.9875000000000002,0.9874464257706848,0.9884343434343433,0.9875000000000002,0.9960714285714285
svc,em,61,0.9916666666666668,0.991710758377425,0.9924242424242424,0.9916666666666668,0.9992857142857143
ri,em,61,0.9875,0.9875220458553791,0.9878787878787879,0.9875,0.9992857142857143
xgb,em,61,0.9916666666666668,0.9916509024796987,0.9923232323232323,0.9916666666666668,0.9992857142857143
lr,em,62,0.9958333333333333,0.9958553791887125,0.9962121212121211,0.9958333333333333,1.0
nb,em,62,0.9625,0.9624975024975025,0.9674558080808081,0.9625,0.9850000000000001
knn,em,62,0.9791666666666667,0.9792768959435627,0.9810606060606061,0.9791666666666667,0.9992857142857143
rf,em,62,0.9875000000000002,0.9874464257706848,0.9884343434343433,0.9875000000000002,0.9985714285714286
dt,em,62,0.9833333333333334,0.9833018049593972,0.9846464646464644,0.9833333333333334,0.9828571428571429
gb,em,62,0.9916666666666668,0.991710758377425,0.9924242424242424,0.9916666666666668,0.9960714285714285
ab,em,62,0.9875000000000002,0.9874464257706848,0.9884343434343433,0.9875000000000002,0.9960714285714285
svc,em,62,0.9916666666666668,0.991710758377425,0.9924242424242424,0.9916666666666668,0.9992857142857143
ri,em,62,0.9875,0.9875220458553791,0.9878787878787879,0.9875,0.9992857142857143
xgb,em,62,0.9916666666666668,0.9916509024796987,0.9923232323232323,0.9916666666666668,0.9985714285714286
lr,em,63,0.9958333333333333,0.9958553791887125,0.9962121212121211,0.9958333333333333,1.0
nb,em,63,0.9583333333333334,0.9583087899754567,0.9629103535353536,0.9583333333333334,0.9785714285714286
knn,em,63,0.9791666666666667,0.9792768959435627,0.9810606060606061,0.9791666666666667,0.9992857142857143
rf,em,63,0.9875000000000002,0.987506281668411,0.9885353535353534,0.9875000000000002,0.9992857142857143
dt,em,63,0.9791666666666667,0.9789877631498927,0.9812436868686868,0.9791666666666667,0.9778571428571429
gb,em,63,0.9916666666666668,0.991710758377425,0.9924242424242424,0.9916666666666668,0.9960714285714285
ab,em,63,0.9875000000000002,0.9874464257706848,0.9884343434343433,0.9875000000000002,0.9960714285714285
svc,em,63,0.9916666666666668,0.991710758377425,0.9924242424242424,0.9916666666666668,0.9992857142857143
ri,em,63,0.9875,0.9875220458553791,0.9878787878787879,0.9875,0.9992857142857143
xgb,em,63,0.9916666666666668,0.9916509024796987,0.9923232323232323,0.9916666666666668,0.9992857142857143
lr,em,64,0.9958333333333333,0.9958553791887125,0.9962121212121211,0.9958333333333333,1.0
nb,em,64,0.9583333333333334,0.9583087899754567,0.9629103535353536,0.9583333333333334,0.9785714285714284
knn,em,64,0.9791666666666667,0.9792768959435627,0.9810606060606061,0.9791666666666667,0.9992857142857143
rf,em,64,0.9833333333333334,0.9833018049593972,0.9846464646464644,0.9833333333333334,0.9985714285714286
dt,em,64,0.9791666666666667,0.9789877631498927,0.9812436868686868,0.9791666666666667,0.9778571428571429
gb,em,64,0.9916666666666668,0.991710758377425,0.9924242424242424,0.9916666666666668,0.9960714285714285
ab,em,64,0.9875000000000002,0.9874464257706848,0.9884343434343433,0.9875000000000002,0.9960714285714285
svc,em,64,0.9916666666666668,0.991710758377425,0.9924242424242424,0.9916666666666668,0.9992857142857143
ri,em,64,0.9875,0.9875220458553791,0.9878787878787879,0.9875,0.9992857142857143
xgb,em,64,0.9916666666666668,0.9916509024796987,0.9923232323232323,0.9916666666666668,0.9992857142857143
lr,em,65,0.9958333333333333,0.9958553791887125,0.9962121212121211,0.9958333333333333,1.0
nb,em,65,0.9583333333333334,0.9583087899754567,0.9629103535353536,0.9583333333333334,0.9835714285714285
knn,em,65,0.9791666666666667,0.9792768959435627,0.9810606060606061,0.9791666666666667,0.9992857142857143
rf,em,65,0.9875000000000002,0.987506281668411,0.9885353535353534,0.9875000000000002,0.9989285714285714
dt,em,65,0.9875,0.9875062816684113,0.9885353535353534,0.9875,0.987857142857143
gb,em,65,0.9916666666666668,0.991710758377425,0.9924242424242424,0.9916666666666668,0.9960714285714285
ab,em,65,0.9875000000000002,0.9874464257706848,0.9884343434343433,0.9875000000000002,0.9960714285714285
svc,em,65,0.9916666666666668,0.991710758377425,0.9924242424242424,0.9916666666666668,0.9992857142857143
ri,em,65,0.9875,0.9875220458553791,0.9878787878787879,0.9875,0.9992857142857143
xgb,em,65,0.9916666666666668,0.9916509024796987,0.9923232323232323,0.9916666666666668,1.0
lr,em,66,0.9958333333333333,0.9958553791887125,0.9962121212121211,0.9958333333333333,1.0
nb,em,66,0.9583333333333334,0.9583087899754567,0.9629103535353536,0.9583333333333334,0.9850000000000001
knn,em,66,0.9791666666666667,0.9792768959435627,0.9810606060606061,0.9791666666666667,0.9989285714285716
rf,em,66,0.9833333333333334,0.9833758442046403,0.9853787878787879,0.9833333333333334,0.9996428571428572
dt,em,66,0.9793333333333333,0.9792768221175028,0.9802398989898989,0.9793333333333333,0.9778571428571429
gb,em,66,0.9916666666666668,0.991710758377425,0.9924242424242424,0.9916666666666668,0.9960714285714285
ab,em,66,0.9875000000000002,0.9874464257706848,0.9884343434343433,0.9875000000000002,0.9960714285714285
svc,em,66,0.9916666666666668,0.991710758377425,0.9924242424242424,0.9916666666666668,0.9992857142857143
ri,em,66,0.9875,0.9875220458553791,0.9878787878787879,0.9875,0.9992857142857143
xgb,em,66,0.9916666666666668,0.9916509024796987,0.9923232323232323,0.9916666666666668,0.9992857142857143
lr,em,67,0.9958333333333333,0.9958553791887125,0.9962121212121211,0.9958333333333333,1.0
nb,em,67,0.9583333333333334,0.9583087899754567,0.9629103535353536,0.9583333333333334,0.9785714285714286
knn,em,67,0.9791666666666667,0.9792768959435627,0.9810606060606061,0.9791666666666667,0.9989285714285716
rf,em,67,0.9791666666666667,0.9791713674956263,0.981489898989899,0.9791666666666667,0.9996428571428572
dt,em,67,0.9916666666666668,0.991710758377425,0.9924242424242424,0.9916666666666668,0.9928571428571429
gb,em,67,0.9916666666666668,0.991710758377425,0.9924242424242424,0.9916666666666668,0.9960714285714285
ab,em,67,0.9875000000000002,0.9874464257706848,0.9884343434343433,0.9875000000000002,0.9960714285714285
svc,em,67,0.9916666666666668,0.991710758377425,0.9924242424242424,0.9916666666666668,0.9992857142857143
ri,em,67,0.9875,0.9875220458553791,0.9878787878787879,0.9875,0.9992857142857143
xgb,em,67,0.9916666666666668,0.9916509024796987,0.9923232323232323,0.9916666666666668,0.9971428571428571
lr,em,68,0.9958333333333333,0.9958553791887125,0.9962121212121211,0.9958333333333333,1.0
nb,em,68,0.9583333333333334,0.9583087899754567,0.9629103535353536,0.9583333333333334,0.9850000000000001
knn,em,68,0.9791666666666667,0.9792768959435627,0.9810606060606061,0.9791666666666667,0.9989285714285716
rf,em,68,0.9875000000000002,0.987506281668411,0.9885353535353534,0.9875000000000002,0.9985714285714286
dt,em,68,0.9916666666666668,0.991710758377425,0.9924242424242424,0.9916666666666668,0.9928571428571429
gb,em,68,0.9916666666666668,0.991710758377425,0.9924242424242424,0.9916666666666668,0.9960714285714285
ab,em,68,0.9875000000000002,0.9874464257706848,0.9884343434343433,0.9875000000000002,0.9960714285714285
svc,em,68,0.9916666666666668,0.991710758377425,0.9924242424242424,0.9916666666666668,0.9992857142857143
ri,em,68,0.9875,0.9875220458553791,0.9878787878787879,0.9875,0.9992857142857143
xgb,em,68,0.9916666666666668,0.9916509024796987,0.9923232323232323,0.9916666666666668,0.9992857142857143
lr,em,69,0.9958333333333333,0.9958553791887125,0.9962121212121211,0.9958333333333333,1.0
nb,em,69,0.9541666666666666,0.9541641691641691,0.9591224747474747,0.9541666666666666,0.9792857142857143
knn,em,69,0.9791666666666667,0.9792768959435627,0.9810606060606061,0.9791666666666667,0.9985714285714286
rf,em,69,0.9833333333333334,0.9833018049593972,0.9846464646464647,0.9833333333333334,1.0
dt,em,69,0.9791666666666666,0.9789877631498927,0.9812436868686868,0.9791666666666666,0.9778571428571429
gb,em,69,0.9916666666666668,0.991710758377425,0.9924242424242424,0.9916666666666668,0.9960714285714285
ab,em,69,0.9875000000000002,0.9874464257706848,0.9884343434343433,0.9875000000000002,0.9960714285714285
svc,em,69,0.9916666666666668,0.991710758377425,0.9924242424242424,0.9916666666666668,0.9992857142857143
ri,em,69,0.9875,0.9875220458553791,0.9878787878787879,0.9875,0.9992857142857143
xgb,em,69,0.9916666666666668,0.9916509024796987,0.9923232323232323,0.9916666666666668,0.9992857142857143
lr,em,70,0.9958333333333333,0.9958553791887125,0.9962121212121211,0.9958333333333333,1.0
nb,em,70,0.9583333333333334,0.9583087899754567,0.9629103535353536,0.9583333333333334,0.9785714285714284
knn,em,70,0.9791666666666667,0.9792768959435627,0.9810606060606061,0.9791666666666667,0.9985714285714286
rf,em,70,0.9833333333333334,0.9833018049593972,0.9846464646464647,0.9833333333333334,0.9985714285714286
dt,em,70,0.9875,0.9875062816684113,0.9885353535353534,0.9875,0.987857142857143
gb,em,70,0.9916666666666668,0.991710758377425,0.9924242424242424,0.9916666666666668,0.9960714285714285
ab,em,70,0.9875000000000002,0.9874464257706848,0.9884343434343433,0.9875000000000002,0.9960714285714285
svc,em,70,0.9916666666666668,0.991710758377425,0.9924242424242424,0.9916666666666668,0.9992857142857143
ri,em,70,0.9875,0.9875220458553791,0.9878787878787879,0.9875,0.9992857142857143
xgb,em,70,0.9916666666666668,0.9916509024796987,0.9923232323232323,0.9916666666666668,0.9985714285714286
lr,em,71,0.9958333333333333,0.9958553791887125,0.9962121212121211,0.9958333333333333,1.0
nb,em,71,0.9541666666666666,0.9541641691641691,0.9591224747474747,0.9541666666666666,0.9807142857142856
knn,em,71,0.9791666666666667,0.9792768959435627,0.9810606060606061,0.9791666666666667,0.9989285714285716
rf,em,71,0.9875,0.9875062816684113,0.9885353535353536,0.9875,0.9985714285714286
dt,em,71,0.9833333333333334,0.9833175691463654,0.983989898989899,0.9833333333333334,0.9828571428571429
gb,em,71,0.9916666666666668,0.991710758377425,0.9924242424242424,0.9916666666666668,0.9960714285714285
ab,em,71,0.9875000000000002,0.9874464257706848,0.9884343434343433,0.9875000000000002,0.9960714285714285
svc,em,71,0.9916666666666668,0.991710758377425,0.9924242424242424,0.9916666666666668,0.9992857142857143
ri,em,71,0.9875,0.9875220458553791,0.9878787878787879,0.9875,0.9992857142857143
xgb,em,71,0.9916666666666668,0.9916509024796987,0.9923232323232323,0.9916666666666668,1.0
lr,em,72,0.9958333333333333,0.9958553791887125,0.9962121212121211,0.9958333333333333,1.0
nb,em,72,0.9541666666666666,0.9541641691641691,0.9591224747474747,0.9541666666666666,0.9800000000000001
knn,em,72,0.9791666666666667,0.9792768959435627,0.9810606060606061,0.9791666666666667,0.9985714285714286
rf,em,72,0.9875000000000002,0.9874464257706848,0.9884343434343433,0.9875000000000002,0.9985714285714286
dt,em,72,0.9875,0.9875062816684113,0.9885353535353534,0.9875,0.987857142857143
gb,em,72,0.9916666666666668,0.991710758377425,0.9924242424242424,0.9916666666666668,0.9960714285714285
ab,em,72,0.9875000000000002,0.9874464257706848,0.9884343434343433,0.9875000000000002,0.9960714285714285
svc,em,72,0.9916666666666668,0.991710758377425,0.9924242424242424,0.9916666666666668,0.9992857142857143
ri,em,72,0.9875,0.9875220458553791,0.9878787878787879,0.9875,0.9992857142857143
xgb,em,72,0.9916666666666668,0.9916509024796987,0.9923232323232323,0.9916666666666668,1.0
lr,em,73,0.9958333333333333,0.9958553791887125,0.9962121212121211,0.9958333333333333,1.0
nb,em,73,0.9458333333333334,0.9459190192523528,0.9516049922299923,0.9458333333333334,0.9757142857142856
knn,em,73,0.9791666666666667,0.9792768959435627,0.9810606060606061,0.9791666666666667,0.9989285714285716
rf,em,73,0.9875000000000002,0.987506281668411,0.9885353535353534,0.9875000000000002,0.9992857142857143
dt,em,73,0.9833333333333334,0.9833018049593972,0.9846464646464647,0.9833333333333334,0.9828571428571429
gb,em,73,0.9916666666666668,0.991710758377425,0.9924242424242424,0.9916666666666668,0.9960714285714285
ab,em,73,0.9875000000000002,0.9874464257706848,0.9884343434343433,0.9875000000000002,0.9960714285714285
svc,em,73,0.9916666666666668,0.991710758377425,0.9924242424242424,0.9916666666666668,0.9992857142857143
ri,em,73,0.9875,0.9875220458553791,0.9878787878787879,0.9875,0.9992857142857143
xgb,em,73,0.9916666666666668,0.9916509024796987,0.9923232323232323,0.9916666666666668,0.9992857142857143
lr,em,74,0.9958333333333333,0.9958553791887125,0.9962121212121211,0.9958333333333333,1.0
nb,em,74,0.95,0.9500195483528817,0.955334595959596,0.95,0.9785714285714286
knn,em,74,0.9791666666666667,0.9792768959435627,0.9810606060606061,0.9791666666666667,0.9985714285714286
rf,em,74,0.9875000000000002,0.9874464257706848,0.9884343434343433,0.9875000000000002,0.9989285714285714
dt,em,74,0.9833333333333334,0.9831922398589066,0.9851325757575757,0.9833333333333334,0.9828571428571429
gb,em,74,0.9916666666666668,0.991710758377425,0.9924242424242424,0.9916666666666668,0.9960714285714285
ab,em,74,0.9875000000000002,0.9874464257706848,0.9884343434343433,0.9875000000000002,0.9960714285714285
svc,em,74,0.9916666666666668,0.991710758377425,0.9924242424242424,0.9916666666666668,0.9992857142857143
ri,em,74,0.9875,0.9875220458553791,0.9878787878787879,0.9875,0.9992857142857143
xgb,em,74,0.9916666666666668,0.9916509024796987,0.9923232323232323,0.9916666666666668,0.9992857142857143
lr,em,75,0.9958333333333333,0.9958553791887125,0.9962121212121211,0.9958333333333333,1.0
nb,em,75,0.9458333333333334,0.9459190192523528,0.9516049922299923,0.9458333333333334,0.9800000000000001
knn,em,75,0.9791666666666667,0.9792768959435627,0.9810606060606061,0.9791666666666667,0.9985714285714286
rf,em,75,0.9833333333333334,0.9833616608571237,0.9847474747474747,0.9833333333333334,0.9992857142857143
dt,em,75,0.9875,0.9875062816684113,0.9885353535353534,0.9875,0.987857142857143
gb,em,75,0.9916666666666668,0.991710758377425,0.9924242424242424,0.9916666666666668,0.9960714285714285
ab,em,75,0.9875000000000002,0.9874464257706848,0.9884343434343433,0.9875000000000002,0.9960714285714285
svc,em,75,0.9916666666666668,0.991710758377425,0.9924242424242424,0.9916666666666668,0.9992857142857143
ri,em,75,0.9875,0.9875220458553791,0.9878787878787879,0.9875,0.9992857142857143
xgb,em,75,0.9916666666666668,0.9916509024796987,0.9923232323232323,0.9916666666666668,0.9942857142857143
lr,em,76,0.9958333333333333,0.9958553791887125,0.9962121212121211,0.9958333333333333,1.0
nb,em,76,0.95,0.9500195483528817,0.955334595959596,0.95,0.9785714285714286
knn,em,76,0.9750000000000002,0.9750724192345487,0.9771717171717172,0.9750000000000002,0.9985714285714286
rf,em,76,0.9875000000000002,0.987506281668411,0.9885353535353534,0.9875000000000002,0.9985714285714286
dt,em,76,0.9875,0.9875062816684113,0.9885353535353534,0.9875,0.987857142857143
gb,em,76,0.9916666666666668,0.991710758377425,0.9924242424242424,0.9916666666666668,0.9960714285714285
ab,em,76,0.9875000000000002,0.9874464257706848,0.9884343434343433,0.9875000000000002,0.9960714285714285
svc,em,76,0.9916666666666668,0.991710758377425,0.9924242424242424,0.9916666666666668,0.9992857142857143
ri,em,76,0.9875,0.9875220458553791,0.9878787878787879,0.9875,0.9992857142857143
xgb,em,76,0.9916666666666668,0.9916509024796987,0.9923232323232323,0.9916666666666668,0.9992857142857143
lr,em,77,0.9958333333333333,0.9958553791887125,0.9962121212121211,0.9958333333333333,1.0
nb,em,77,0.95,0.9500195483528817,0.955334595959596,0.95,0.9785714285714286
knn,em,77,0.9708333333333334,0.9709277984232612,0.9733838383838386,0.9708333333333334,0.9989285714285714
rf,em,77,0.9833333333333334,0.9833018049593972,0.9846464646464647,0.9833333333333334,0.9985714285714286
dt,em,77,0.9875,0.9875062816684113,0.9885353535353534,0.9875,0.987857142857143
gb,em,77,0.9916666666666668,0.991710758377425,0.9924242424242424,0.9916666666666668,0.9960714285714285
ab,em,77,0.9875000000000002,0.9874464257706848,0.9884343434343433,0.9875000000000002,0.9960714285714285
svc,em,77,0.9916666666666668,0.991710758377425,0.9924242424242424,0.9916666666666668,0.9992857142857143
ri,em,77,0.9875,0.9875220458553791,0.9878787878787879,0.9875,0.9992857142857143
xgb,em,77,0.9916666666666668,0.9916509024796987,0.9923232323232323,0.9916666666666668,0.9992857142857143
lr,em,78,0.9958333333333333,0.9958553791887125,0.9962121212121211,0.9958333333333333,1.0
nb,em,78,0.9416666666666667,0.9417885817885818,0.9484484265734267,0.9416666666666667,0.9742857142857144
knn,em,78,0.9708333333333334,0.9709277984232612,0.9733838383838386,0.9708333333333334,0.9989285714285714
rf,em,78,0.9791666666666667,0.9791713674956263,0.981489898989899,0.9791666666666667,0.9985714285714286
dt,em,78,0.9791666666666666,0.9789877631498927,0.9812436868686868,0.9791666666666666,0.9778571428571429
gb,em,78,0.9916666666666668,0.991710758377425,0.9924242424242424,0.9916666666666668,0.9960714285714285
ab,em,78,0.9875000000000002,0.9874464257706848,0.9884343434343433,0.9875000000000002,0.9960714285714285
svc,em,78,0.9916666666666668,0.991710758377425,0.9924242424242424,0.9916666666666668,0.9992857142857143
ri,em,78,0.9875,0.9875220458553791,0.9878787878787879,0.9875,0.9992857142857143
xgb,em,78,0.9916666666666668,0.9916509024796987,0.9923232323232323,0.9916666666666668,1.0
lr,em,79,0.9958333333333333,0.9958553791887125,0.9962121212121211,0.9958333333333333,1.0
nb,em,79,0.9416666666666667,0.9417885817885818,0.9484484265734267,0.9416666666666667,0.9742857142857144
knn,em,79,0.9708333333333334,0.9709277984232612,0.9733838383838386,0.9708333333333334,0.9989285714285714
rf,em,79,0.9833333333333334,0.9833018049593972,0.9846464646464647,0.9833333333333334,0.9985714285714286
dt,em,79,0.9791666666666667,0.9789877631498927,0.9812436868686868,0.9791666666666667,0.9778571428571429
gb,em,79,0.9916666666666668,0.991710758377425,0.9924242424242424,0.9916666666666668,0.9960714285714285
ab,em,79,0.9875000000000002,0.9874464257706848,0.9884343434343433,0.9875000000000002,0.9960714285714285
svc,em,79,0.9916666666666668,0.991710758377425,0.9924242424242424,0.9916666666666668,0.9992857142857143
ri,em,79,0.9875,0.9875220458553791,0.9878787878787879,0.9875,0.9992857142857143
xgb,em,79,0.9916666666666668,0.9916509024796987,0.9923232323232323,0.9916666666666668,1.0
lr,em,80,0.9958333333333333,0.9958553791887125,0.9962121212121211,0.9958333333333333,1.0
nb,em,80,0.9458333333333334,0.9458891108891109,0.9521780303030305,0.9458333333333334,0.9742857142857144
knn,em,80,0.9666666666666668,0.9667973609594904,0.9702272727272728,0.9666666666666668,0.9989285714285714
rf,em,80,0.9833333333333334,0.9833018049593972,0.9846464646464647,0.9833333333333334,0.9985714285714286
dt,em,80,0.9916666666666668,0.9916509024796987,0.9923232323232323,0.9916666666666668,0.9914285714285714
gb,em,80,0.9916666666666668,0.991710758377425,0.9924242424242424,0.9916666666666668,0.9960714285714285
ab,em,80,0.9875000000000002,0.9874464257706848,0.9884343434343433,0.9875000000000002,0.9960714285714285
svc,em,80,0.9916666666666668,0.991710758377425,0.9924242424242424,0.9916666666666668,0.9992857142857143
ri,em,80,0.9875,0.9875220458553791,0.9878787878787879,0.9875,0.9992857142857143
xgb,em,80,0.9916666666666668,0.9916509024796987,0.9923232323232323,0.9916666666666668,0.9992857142857143
lr,em,81,0.9958333333333333,0.9958553791887125,0.9962121212121211,0.9958333333333333,1.0
nb,em,81,0.9458333333333334,0.9458891108891109,0.9521780303030305,0.9458333333333334,0.9742857142857144
knn,em,81,0.9666666666666668,0.9667973609594904,0.9702272727272728,0.9666666666666668,0.9989285714285714
rf,em,81,0.9875000000000002,0.987506281668411,0.9885353535353534,0.9875000000000002,0.9985714285714286
dt,em,81,0.9833333333333334,0.9831922398589066,0.9851325757575757,0.9833333333333334,0.9828571428571429
gb,em,81,0.9875,0.9875062816684113,0.9885353535353534,0.9875,0.9960714285714285
ab,em,81,0.9875000000000002,0.9874464257706848,0.9884343434343433,0.9875000000000002,0.9960714285714285
svc,em,81,0.9916666666666668,0.991710758377425,0.9924242424242424,0.9916666666666668,0.9992857142857143
ri,em,81,0.9875,0.9875220458553791,0.9878787878787879,0.9875,0.9992857142857143
xgb,em,81,0.9916666666666668,0.9916509024796987,0.9923232323232323,0.9916666666666668,0.9992857142857143
lr,em,82,0.9958333333333333,0.9958553791887125,0.9962121212121211,0.9958333333333333,1.0
nb,em,82,0.9416666666666667,0.9417885817885818,0.9484484265734267,0.9416666666666667,0.9735714285714285
knn,em,82,0.9666666666666668,0.9667973609594904,0.9702272727272728,0.9666666666666668,0.9989285714285714
rf,em,82,0.9791666666666667,0.9791713674956263,0.981489898989899,0.9791666666666667,0.9992857142857143
dt,em,82,0.9833333333333334,0.9833018049593972,0.9846464646464644,0.9833333333333334,0.9828571428571429
gb,em,82,0.9916666666666668,0.991710758377425,0.9924242424242424,0.9916666666666668,0.9960714285714285
ab,em,82,0.9875000000000002,0.9874464257706848,0.9884343434343433,0.9875000000000002,0.9960714285714285
svc,em,82,0.9916666666666668,0.991710758377425,0.9924242424242424,0.9916666666666668,0.9992857142857143
ri,em,82,0.9875,0.9875220458553791,0.9878787878787879,0.9875,0.9992857142857143
xgb,em,82,0.9916666666666668,0.9916509024796987,0.9923232323232323,0.9916666666666668,0.9992857142857143
lr,em,83,0.9958333333333333,0.9958553791887125,0.9962121212121211,0.9958333333333333,1.0
nb,em,83,0.9416666666666667,0.9417885817885818,0.9484484265734267,0.9416666666666667,0.9742857142857144
knn,em,83,0.9666666666666668,0.9667973609594904,0.9702272727272728,0.9666666666666668,0.9985714285714286
rf,em,83,0.9875000000000002,0.9874464257706848,0.9884343434343433,0.9875000000000002,0.9992857142857143
dt,em,83,0.9916666666666668,0.991710758377425,0.9924242424242424,0.9916666666666668,0.9928571428571429
gb,em,83,0.9875,0.9875062816684113,0.9885353535353534,0.9875,0.9960714285714285
ab,em,83,0.9875000000000002,0.9874464257706848,0.9884343434343433,0.9875000000000002,0.9960714285714285
svc,em,83,0.9916666666666668,0.991710758377425,0.9924242424242424,0.9916666666666668,0.9992857142857143
ri,em,83,0.9875,0.9875220458553791,0.9878787878787879,0.9875,0.9992857142857143
xgb,em,83,0.9916666666666668,0.9916509024796987,0.9923232323232323,0.9916666666666668,0.9992857142857143
lr,em,84,0.9958333333333333,0.9958553791887125,0.9962121212121211,0.9958333333333333,1.0
nb,em,84,0.9416666666666667,0.9417885817885818,0.9484484265734267,0.9416666666666667,0.9742857142857144
knn,em,84,0.9666666666666668,0.9667973609594904,0.9702272727272728,0.9666666666666668,0.9985714285714286
rf,em,84,0.9833333333333334,0.9833018049593972,0.9846464646464647,0.9833333333333334,0.9989285714285714
dt,em,84,0.9916666666666668,0.991710758377425,0.9924242424242424,0.9916666666666668,0.9928571428571429
gb,em,84,0.9916666666666668,0.991710758377425,0.9924242424242424,0.9916666666666668,0.9960714285714285
ab,em,84,0.9875000000000002,0.9874464257706848,0.9884343434343433,0.9875000000000002,0.9960714285714285
svc,em,84,0.9916666666666668,0.991710758377425,0.9924242424242424,0.9916666666666668,0.9992857142857143
ri,em,84,0.9875,0.9875220458553791,0.9878787878787879,0.9875,0.9992857142857143
xgb,em,84,0.9916666666666668,0.9916509024796987,0.9923232323232323,0.9916666666666668,0.9992857142857143
lr,em,85,0.9958333333333333,0.9958553791887125,0.9962121212121211,0.9958333333333333,1.0
nb,em,85,0.9374999999999998,0.937658144324811,0.9452918609168609,0.9374999999999998,0.9735714285714285
knn,em,85,0.9666666666666668,0.9667973609594904,0.9702272727272728,0.9666666666666668,0.9989285714285714
rf,em,85,0.9750000000000002,0.9749668907866125,0.9776010101010101,0.9750000000000002,0.9985714285714286
dt,em,85,0.9751666666666667,0.9749470161210301,0.9774936868686869,0.9751666666666667,0.9728571428571428
gb,em,85,0.9916666666666668,0.991710758377425,0.9924242424242424,0.9916666666666668,0.9960714285714285
ab,em,85,0.9875000000000002,0.9874464257706848,0.9884343434343433,0.9875000000000002,0.9960714285714285
svc,em,85,0.9916666666666668,0.991710758377425,0.9924242424242424,0.9916666666666668,0.9992857142857143
ri,em,85,0.9875,0.9875220458553791,0.9878787878787879,0.9875,0.9992857142857143
xgb,em,85,0.9916666666666668,0.9916509024796987,0.9923232323232323,0.9916666666666668,0.9939285714285713
lr,em,86,0.9958333333333333,0.9958553791887125,0.9962121212121211,0.9958333333333333,1.0
nb,em,86,0.9416666666666667,0.9417885817885818,0.9484484265734267,0.9416666666666667,0.9735714285714285
knn,em,86,0.9666666666666668,0.9667973609594904,0.9702272727272728,0.9666666666666668,0.9985714285714286
rf,em,86,0.9833333333333334,0.9833159883069138,0.9852777777777778,0.9833333333333334,0.9985714285714286
dt,em,86,0.9833333333333334,0.9833175691463654,0.983989898989899,0.9833333333333334,0.9828571428571429
gb,em,86,0.9916666666666668,0.991710758377425,0.9924242424242424,0.9916666666666668,0.9960714285714285
ab,em,86,0.9875000000000002,0.9874464257706848,0.9884343434343433,0.9875000000000002,0.9960714285714285
svc,em,86,0.9916666666666668,0.991710758377425,0.9924242424242424,0.9916666666666668,0.9992857142857143
ri,em,86,0.9875,0.9875220458553791,0.9878787878787879,0.9875,0.9992857142857143
xgb,em,86,0.9916666666666668,0.9916509024796987,0.9923232323232323,0.9916666666666668,0.9985714285714286
lr,em,87,0.9958333333333333,0.9958553791887125,0.9962121212121211,0.9958333333333333,1.0
nb,em,87,0.9416666666666667,0.9417885817885818,0.9484484265734267,0.9416666666666667,0.9735714285714285
knn,em,87,0.9666666666666668,0.9667973609594904,0.9702272727272728,0.9666666666666668,0.9985714285714286
rf,em,87,0.9833333333333334,0.9833018049593972,0.9846464646464647,0.9833333333333334,1.0
dt,em,87,0.9791666666666666,0.9790035273368607,0.9805871212121211,0.9791666666666666,0.9778571428571429
gb,em,87,0.9916666666666668,0.991710758377425,0.9924242424242424,0.9916666666666668,0.9960714285714285
ab,em,87,0.9875000000000002,0.9874464257706848,0.9884343434343433,0.9875000000000002,0.9960714285714285
svc,em,87,0.9916666666666668,0.991710758377425,0.9924242424242424,0.9916666666666668,0.9992857142857143
ri,em,87,0.9875,0.9875220458553791,0.9878787878787879,0.9875,0.9992857142857143
xgb,em,87,0.9916666666666668,0.9916509024796987,0.9923232323232323,0.9916666666666668,0.9985714285714286
lr,em,88,0.9958333333333333,0.9958553791887125,0.9962121212121211,0.9958333333333333,1.0
nb,em,88,0.9416666666666667,0.9417885817885818,0.9484484265734267,0.9416666666666667,0.9735714285714285
knn,em,88,0.9666666666666668,0.9667973609594904,0.9702272727272728,0.9666666666666668,0.9985714285714286
rf,em,88,0.9791666666666667,0.9791713674956263,0.981489898989899,0.9791666666666667,0.9982142857142857
dt,em,88,0.975,0.9747832864408787,0.9773547979797981,0.975,0.9728571428571428
gb,em,88,0.9875,0.9875062816684113,0.9885353535353534,0.9875,0.9960714285714285
ab,em,88,0.9875000000000002,0.9874464257706848,0.9884343434343433,0.9875000000000002,0.9960714285714285
svc,em,88,0.9916666666666668,0.991710758377425,0.9924242424242424,0.9916666666666668,0.9992857142857143
ri,em,88,0.9875,0.9875220458553791,0.9878787878787879,0.9875,0.9992857142857143
xgb,em,88,0.9916666666666668,0.9916509024796987,0.9923232323232323,0.9916666666666668,0.9992857142857143
lr,em,89,0.9958333333333333,0.9958553791887125,0.9962121212121211,0.9958333333333333,1.0
nb,em,89,0.9374999999999998,0.937658144324811,0.9452918609168609,0.9374999999999998,0.9778571428571429
knn,em,89,0.9666666666666668,0.9667973609594904,0.9702272727272728,0.9666666666666668,0.9985714285714286
rf,em,89,0.9875,0.9875062816684113,0.9885353535353536,0.9875,0.9985714285714286
dt,em,89,0.9833333333333334,0.9831922398589066,0.9851325757575757,0.9833333333333334,0.9828571428571429
gb,em,89,0.9875,0.9875062816684113,0.9885353535353534,0.9875,0.9960714285714285
ab,em,89,0.9875000000000002,0.9874464257706848,0.9884343434343433,0.9875000000000002,0.9960714285714285
svc,em,89,0.9916666666666668,0.991710758377425,0.9924242424242424,0.9916666666666668,0.9992857142857143
ri,em,89,0.9875,0.9875220458553791,0.9878787878787879,0.9875,0.9992857142857143
xgb,em,89,0.9916666666666668,0.9916509024796987,0.9923232323232323,0.9916666666666668,0.9985714285714286
lr,em,90,0.9958333333333333,0.9958553791887125,0.9962121212121211,0.9958333333333333,1.0
nb,em,90,0.9374999999999998,0.937658144324811,0.9452918609168609,0.9374999999999998,0.9771428571428572
knn,em,90,0.9625,0.9626527401482029,0.9664393939393939,0.9625,0.9989285714285714
rf,em,90,0.9791666666666667,0.9791713674956263,0.981489898989899,0.9791666666666667,0.9982142857142857
dt,em,90,0.9791666666666666,0.9790035273368607,0.9805871212121211,0.9791666666666666,0.9778571428571429
gb,em,90,0.9916666666666668,0.991710758377425,0.9924242424242424,0.9916666666666668,0.9960714285714285
ab,em,90,0.9875000000000002,0.9874464257706848,0.9884343434343433,0.9875000000000002,0.9960714285714285
svc,em,90,0.9916666666666668,0.991710758377425,0.9924242424242424,0.9916666666666668,0.9992857142857143
ri,em,90,0.9875,0.9875220458553791,0.9878787878787879,0.9875,0.9992857142857143
xgb,em,90,0.9916666666666668,0.9916509024796987,0.9923232323232323,0.9916666666666668,1.0
lr,em,91,0.9958333333333333,0.9958553791887125,0.9962121212121211,0.9958333333333333,1.0
nb,em,91,0.9374999999999998,0.937658144324811,0.9452918609168609,0.9374999999999998,0.9771428571428572
knn,em,91,0.9666666666666668,0.9667973609594904,0.9702272727272728,0.9666666666666668,0.9985714285714286
rf,em,91,0.9833333333333334,0.9833018049593972,0.9846464646464647,0.9833333333333334,0.9985714285714286
dt,em,91,0.9791666666666666,0.9791130924373513,0.9801010101010101,0.9791666666666666,0.9778571428571429
gb,em,91,0.9916666666666668,0.991710758377425,0.9924242424242424,0.9916666666666668,0.9960714285714285
ab,em,91,0.9875000000000002,0.9874464257706848,0.9884343434343433,0.9875000000000002,0.9960714285714285
svc,em,91,0.9916666666666668,0.991710758377425,0.9924242424242424,0.9916666666666668,0.9992857142857143
ri,em,91,0.9875,0.9875220458553791,0.9878787878787879,0.9875,0.9992857142857143
xgb,em,91,0.9916666666666668,0.9916509024796987,0.9923232323232323,0.9916666666666668,0.9992857142857143
lr,em,92,0.9958333333333333,0.9958553791887125,0.9962121212121211,0.9958333333333333,1.0
nb,em,92,0.925,0.9252082581937653,0.936793414918415,0.925,0.9764285714285716
knn,em,92,0.9666666666666668,0.9667973609594904,0.9702272727272728,0.9666666666666668,0.9985714285714286
rf,em,92,0.9833333333333334,0.9833018049593972,0.9846464646464647,0.9833333333333334,0.9978571428571428
dt,em,92,0.9916666666666668,0.991710758377425,0.9924242424242424,0.9916666666666668,0.9928571428571429
gb,em,92,0.9916666666666668,0.991710758377425,0.9924242424242424,0.9916666666666668,0.9960714285714285
ab,em,92,0.9875000000000002,0.9874464257706848,0.9884343434343433,0.9875000000000002,0.9960714285714285
svc,em,92,0.9916666666666668,0.991710758377425,0.9924242424242424,0.9916666666666668,0.9992857142857143
ri,em,92,0.9875,0.9875220458553791,0.9878787878787879,0.9875,0.9992857142857143
xgb,em,92,0.9916666666666668,0.9916509024796987,0.9923232323232323,0.9916666666666668,0.9992857142857143
lr,em,93,0.9958333333333333,0.9958553791887125,0.9962121212121211,0.9958333333333333,1.0
nb,em,93,0.9168333333333333,0.9170077868312656,0.9303724747474748,0.9168333333333333,0.9778571428571429
knn,em,93,0.9666666666666668,0.9667973609594904,0.9702272727272728,0.9666666666666668,0.9989285714285714
rf,em,93,0.9833333333333334,0.9833018049593972,0.9846464646464647,0.9833333333333334,0.9971428571428571
dt,em,93,0.9833333333333334,0.9831922398589066,0.9851325757575757,0.9833333333333334,0.9828571428571429
gb,em,93,0.9916666666666668,0.991710758377425,0.9924242424242424,0.9916666666666668,0.9960714285714285
ab,em,93,0.9875000000000002,0.9874464257706848,0.9884343434343433,0.9875000000000002,0.9960714285714285
svc,em,93,0.9916666666666668,0.991710758377425,0.9924242424242424,0.9916666666666668,0.9992857142857143
ri,em,93,0.9875,0.9875220458553791,0.9878787878787879,0.9875,0.9992857142857143
xgb,em,93,0.9916666666666668,0.9916509024796987,0.9923232323232323,0.9916666666666668,0.9985714285714286
lr,em,94,0.9958333333333333,0.9958553791887125,0.9962121212121211,0.9958333333333333,1.0
nb,em,94,0.9209999999999999,0.9211675111649029,0.933043414918415,0.9209999999999999,0.9771428571428572
knn,em,94,0.9666666666666668,0.9667973609594904,0.9702272727272728,0.9666666666666668,0.9985714285714286
rf,em,94,0.9833333333333334,0.9833018049593972,0.9846464646464647,0.9833333333333334,0.9985714285714286
dt,em,94,0.9875,0.9875062816684113,0.9885353535353534,0.9875,0.987857142857143
gb,em,94,0.9875,0.9875062816684113,0.9885353535353534,0.9875,0.9960714285714285
ab,em,94,0.9875000000000002,0.9874464257706848,0.9884343434343433,0.9875000000000002,0.9960714285714285
svc,em,94,0.9916666666666668,0.991710758377425,0.9924242424242424,0.9916666666666668,0.9992857142857143
ri,em,94,0.9875,0.9875220458553791,0.9878787878787879,0.9875,0.9992857142857143
xgb,em,94,0.9916666666666668,0.9916509024796987,0.9923232323232323,0.9916666666666668,0.9992857142857143
lr,em,95,0.9958333333333333,0.9958553791887125,0.9962121212121211,0.9958333333333333,1.0
nb,em,95,0.9333333333333332,0.9335277068610403,0.9421352952602954,0.9333333333333332,0.9771428571428572
knn,em,95,0.9625,0.9626527401482029,0.9664393939393939,0.9625,0.9989285714285714
rf,em,95,0.9791666666666667,0.9791713674956263,0.981489898989899,0.9791666666666667,0.9985714285714286
dt,em,95,0.9835,0.9832961136413315,0.9851704545454545,0.9835,0.9814285714285715
gb,em,95,0.9916666666666668,0.991710758377425,0.9924242424242424,0.9916666666666668,0.9960714285714285
ab,em,95,0.9875000000000002,0.9874464257706848,0.9884343434343433,0.9875000000000002,0.9960714285714285
svc,em,95,0.9916666666666668,0.991710758377425,0.9924242424242424,0.9916666666666668,0.9992857142857143
ri,em,95,0.9875,0.9875220458553791,0.9878787878787879,0.9875,0.9992857142857143
xgb,em,95,0.9916666666666668,0.9916509024796987,0.9923232323232323,0.9916666666666668,0.9992857142857143
lr,em,96,0.9958333333333333,0.9958553791887125,0.9962121212121211,0.9958333333333333,1.0
nb,em,96,0.925,0.9252082581937653,0.936793414918415,0.925,0.9771428571428572
knn,em,96,0.9666666666666668,0.9667973609594904,0.9702272727272728,0.9666666666666668,0.9989285714285714
rf,em,96,0.9833333333333334,0.9833018049593972,0.9846464646464647,0.9833333333333334,0.9978571428571428
dt,em,96,0.9875,0.9875062816684113,0.9885353535353534,0.9875,0.987857142857143
gb,em,96,0.9916666666666668,0.991710758377425,0.9924242424242424,0.9916666666666668,0.9960714285714285
ab,em,96,0.9875000000000002,0.9874464257706848,0.9884343434343433,0.9875000000000002,0.9960714285714285
svc,em,96,0.9916666666666668,0.991710758377425,0.9924242424242424,0.9916666666666668,0.9992857142857143
ri,em,96,0.9875,0.9875220458553791,0.9878787878787879,0.9875,0.9992857142857143
xgb,em,96,0.9916666666666668,0.9916509024796987,0.9923232323232323,0.9916666666666668,0.9985714285714286
lr,em,97,0.9958333333333333,0.9958553791887125,0.9962121212121211,0.9958333333333333,1.0
nb,em,97,0.9168333333333333,0.9170077868312656,0.9303724747474748,0.9168333333333333,0.9771428571428572
knn,em,97,0.9666666666666668,0.9667973609594904,0.9702272727272728,0.9666666666666668,0.9989285714285714
rf,em,97,0.9791666666666667,0.9791713674956263,0.981489898989899,0.9791666666666667,0.9985714285714286
dt,em,97,0.9791666666666667,0.9790973282503833,0.9807575757575757,0.9791666666666667,0.9778571428571429
gb,em,97,0.9875,0.9875062816684113,0.9885353535353534,0.9875,0.9960714285714285
ab,em,97,0.9875000000000002,0.9874464257706848,0.9884343434343433,0.9875000000000002,0.9960714285714285
svc,em,97,0.9916666666666668,0.991710758377425,0.9924242424242424,0.9916666666666668,0.9992857142857143
ri,em,97,0.9875,0.9875220458553791,0.9878787878787879,0.9875,0.9992857142857143
xgb,em,97,0.9916666666666668,0.9916509024796987,0.9923232323232323,0.9916666666666668,1.0
lr,em,98,0.9958333333333333,0.9958553791887125,0.9962121212121211,0.9958333333333333,1.0
nb,em,98,0.9168333333333333,0.9170077868312656,0.9303724747474748,0.9168333333333333,0.9771428571428572
knn,em,98,0.9666666666666668,0.9667973609594904,0.9702272727272728,0.9666666666666668,0.9989285714285714
rf,em,98,0.9791666666666667,0.9791713674956263,0.981489898989899,0.9791666666666667,0.9985714285714286
dt,em,98,0.9875,0.9875062816684113,0.9885353535353534,0.9875,0.9878571428571428
gb,em,98,0.9916666666666668,0.991710758377425,0.9924242424242424,0.9916666666666668,0.9960714285714285
ab,em,98,0.9875000000000002,0.9874464257706848,0.9884343434343433,0.9875000000000002,0.9960714285714285
svc,em,98,0.9916666666666668,0.991710758377425,0.9924242424242424,0.9916666666666668,0.9992857142857143
ri,em,98,0.9875,0.9875220458553791,0.9878787878787879,0.9875,0.9992857142857143
xgb,em,98,0.9916666666666668,0.9916509024796987,0.9923232323232323,0.9916666666666668,0.9992857142857143
lr,em,99,0.9958333333333333,0.9958553791887125,0.9962121212121211,0.9958333333333333,1.0
nb,em,99,0.9168333333333333,0.9170077868312656,0.9303724747474748,0.9168333333333333,0.9714285714285715
knn,em,99,0.9666666666666668,0.9667973609594904,0.9702272727272728,0.9666666666666668,0.9989285714285714
rf,em,99,0.9833333333333334,0.9833018049593972,0.9846464646464647,0.9833333333333334,0.9982142857142857
dt,em,99,0.9875,0.9875062816684113,0.9885353535353534,0.9875,0.987857142857143
gb,em,99,0.9875,0.9875062816684113,0.9885353535353534,0.9875,0.9960714285714285
ab,em,99,0.9875000000000002,0.9874464257706848,0.9884343434343433,0.9875000000000002,0.9960714285714285
svc,em,99,0.9916666666666668,0.991710758377425,0.9924242424242424,0.9916666666666668,0.9992857142857143
ri,em,99,0.9875,0.9875220458553791,0.9878787878787879,0.9875,0.9992857142857143
xgb,em,99,0.9916666666666668,0.9916509024796987,0.9923232323232323,0.9916666666666668,0.9992857142857143
lr,em,100,0.9958333333333333,0.9958553791887125,0.9962121212121211,0.9958333333333333,1.0
nb,em,100,0.9168333333333333,0.9170077868312656,0.9303724747474748,0.9168333333333333,0.9714285714285715
knn,em,100,0.9666666666666668,0.9667973609594904,0.9702272727272728,0.9666666666666668,0.9989285714285714
rf,em,100,0.9833333333333334,0.9833018049593972,0.9846464646464647,0.9833333333333334,0.9985714285714286
dt,em,100,0.9833333333333334,0.9831922398589066,0.9851325757575757,0.9833333333333334,0.9828571428571429
gb,em,100,0.9875,0.9875062816684113,0.9885353535353534,0.9875,0.9960714285714285
ab,em,100,0.9875000000000002,0.9874464257706848,0.9884343434343433,0.9875000000000002,0.9960714285714285
svc,em,100,0.9916666666666668,0.991710758377425,0.9924242424242424,0.9916666666666668,0.9992857142857143
ri,em,100,0.9875,0.9875220458553791,0.9878787878787879,0.9875,0.9992857142857143
xgb,em,100,0.9916666666666668,0.9916509024796987,0.9923232323232323,0.9916666666666668,0.9971428571428571
lr,em,101,0.9958333333333333,0.9958553791887125,0.9962121212121211,0.9958333333333333,1.0
nb,em,101,0.9126666666666667,0.9128924528898448,0.9247100815850816,0.9126666666666667,0.9650000000000001
knn,em,101,0.9666666666666668,0.9667973609594904,0.9702272727272728,0.9666666666666668,0.9989285714285714
rf,em,101,0.9833333333333334,0.9833018049593972,0.9846464646464647,0.9833333333333334,0.9985714285714286
dt,em,101,0.9833333333333334,0.9831922398589066,0.9851325757575757,0.9833333333333334,0.9828571428571429
gb,em,101,0.9916666666666668,0.991710758377425,0.9924242424242424,0.9916666666666668,0.9960714285714285
ab,em,101,0.9875000000000002,0.9874464257706848,0.9884343434343433,0.9875000000000002,0.9960714285714285
svc,em,101,0.9916666666666668,0.991710758377425,0.9924242424242424,0.9916666666666668,0.9992857142857143
ri,em,101,0.9875,0.9875220458553791,0.9878787878787879,0.9875,0.9992857142857143
xgb,em,101,0.9916666666666668,0.9916509024796987,0.9923232323232323,0.9916666666666668,0.9992857142857143
