model,fs_method,k,accuracy
lr,nofs,33,0.8571428571428573,0.8481591356762881,0.8697331966279336,0.8571428571428573,0.9015111111111113
nb,nofs,33,0.8685714285714287,0.8641229901766442,0.8728654765725505,0.8685714285714287,0.9264000000000001
knn,nofs,33,0.8285714285714285,0.8141736234196995,0.848307715714621,0.8285714285714285,0.888888888888889
rf,nofs,33,0.9228571428571428,0.9222285728393074,0.9230024929226349,0.9228571428571428,0.972622222222222
dt,nofs,33,0.8714285714285716,0.8698117641675763,0.8719709409100467,0.8714285714285716,0.8502222222222222
gb,nofs,33,0.9285714285714285,0.9271597433315215,0.9301011650284055,0.9285714285714285,0.9644444444444444
ab,nofs,33,0.9257142857142856,0.9242445290407405,0.9282178221373247,0.9257142857142856,0.9486222222222223
svc,nofs,33,0.8600000000000001,0.8516120073090798,0.8738133632526767,0.8600000000000001,0.8803555555555554
ri,nofs,33,0.8342857142857142,0.8265236950045658,0.8417008334226139,0.8342857142857142,0.8839111111111112
xgb,nofs,33,0.917142857142857,0.9154797583090166,0.9188581135241256,0.917142857142857,0.9543111111111111
lr,bor,1,0.7485714285714286,0.6938229085047757,0.8207499656209085,0.7485714285714286,0.648
nb,bor,1,0.7485714285714286,0.6938229085047757,0.8207499656209085,0.7485714285714286,0.648
knn,bor,1,0.5742857142857143,0.4633553188490473,0.5343117611701061,0.5742857142857143,0.6119999999999999
rf,bor,1,0.7485714285714286,0.6938229085047757,0.8207499656209085,0.7485714285714286,0.648
dt,bor,1,0.7485714285714286,0.6938229085047757,0.8207499656209085,0.7485714285714286,0.648
gb,bor,1,0.7485714285714286,0.6938229085047757,0.8207499656209085,0.7485714285714286,0.648
ab,bor,1,0.7485714285714286,0.6938229085047757,0.8207499656209085,0.7485714285714286,0.648
svc,bor,1,0.7485714285714286,0.6938229085047757,0.8207499656209085,0.7485714285714286,0.648
ri,bor,1,0.7485714285714286,0.6938229085047757,0.8207499656209085,0.7485714285714286,0.648
xgb,bor,1,0.7485714285714286,0.6938229085047757,0.8207499656209085,0.7485714285714286,0.648
lr,bor,2,0.7485714285714286,0.6938229085047757,0.8207499656209085,0.7485714285714286,0.5916444444444444
nb,bor,2,0.7485714285714286,0.6938229085047757,0.8207499656209085,0.7485714285714286,0.6757333333333333
knn,bor,2,0.7657142857142858,0.7626836621829145,0.7664198487341707,0.7657142857142858,0.7877333333333334
rf,bor,2,0.7371428571428572,0.7395962850859225,0.7522232052457045,0.7371428571428572,0.7846222222222222
dt,bor,2,0.7371428571428572,0.7395962850859225,0.7522232052457045,0.7371428571428572,0.7061333333333333
gb,bor,2,0.7857142857142858,0.7827987854855957,0.7872054853408799,0.7857142857142858,0.7713777777777778
ab,bor,2,0.78,0.7543468660727176,0.7877235118787845,0.78,0.7461333333333333
svc,bor,2,0.7485714285714286,0.6938229085047757,0.8207499656209085,0.7485714285714286,0.6499555555555556
ri,bor,2,0.7485714285714286,0.6938229085047757,0.8207499656209085,0.7485714285714286,0.5916444444444444
xgb,bor,2,0.7657142857142857,0.7655174478309617,0.7719520077505713,0.7657142857142857,0.7955555555555556
lr,bor,3,0.7571428571428571,0.7176963296696786,0.8006042352092345,0.7571428571428571,0.7554666666666666
nb,bor,3,0.7485714285714286,0.6938229085047757,0.8207499656209085,0.7485714285714286,0.8242666666666667
knn,bor,3,0.8257142857142858,0.8211643653816049,0.8262636585915398,0.8257142857142858,0.8648
rf,bor,3,0.8114285714285716,0.8098112702637991,0.8128207408359597,0.8114285714285716,0.8876444444444445
dt,bor,3,0.8057142857142858,0.8049293801936553,0.8076387212426498,0.8057142857142858,0.7831111111111111
gb,bor,3,0.8200000000000001,0.8184571993479013,0.8225479572546492,0.8200000000000001,0.8763555555555556
ab,bor,3,0.8314285714285715,0.8265176917805336,0.8308530020703934,0.8314285714285715,0.8750222222222221
svc,bor,3,0.7485714285714286,0.6938229085047757,0.8207499656209085,0.7485714285714286,0.7556444444444445
ri,bor,3,0.7457142857142858,0.7084148514488177,0.7862042957006741,0.7457142857142858,0.7540444444444445
xgb,bor,3,0.8142857142857144,0.8132780709407438,0.815964035964036,0.8142857142857144,0.8824
lr,bor,4,0.72,0.6784832061646743,0.7233164788146264,0.72,0.755911111111111
nb,bor,4,0.7485714285714286,0.6938229085047757,0.8207499656209085,0.7485714285714286,0.8451555555555557
knn,bor,4,0.8514285714285714,0.8467187021263456,0.8511752271523315,0.8514285714285714,0.8967111111111112
rf,bor,4,0.8571428571428571,0.8558129699425798,0.8570566068576533,0.8571428571428571,0.9087111111111111
dt,bor,4,0.8257142857142856,0.8258562917437879,0.8270507594117301,0.8257142857142856,0.812888888888889
gb,bor,4,0.8485714285714285,0.8464576578392368,0.849514595883233,0.8485714285714285,0.9032888888888889
ab,bor,4,0.8142857142857143,0.809991788510635,0.817202414562663,0.8142857142857143,0.8613333333333333
svc,bor,4,0.7485714285714286,0.6938229085047757,0.8207499656209085,0.7485714285714286,0.5489777777777778
ri,bor,4,0.7114285714285714,0.672256311897942,0.7162778041715162,0.7114285714285714,0.7555555555555554
xgb,bor,4,0.8485714285714285,0.8458608709562991,0.8467065687117982,0.8485714285714285,0.8914666666666665
lr,bor,5,0.7314285714285715,0.6891473642329233,0.7704761485653934,0.7314285714285715,0.7552
nb,bor,5,0.7514285714285714,0.698206278250295,0.8222312032772614,0.7514285714285714,0.8424888888888888
knn,bor,5,0.8285714285714286,0.8202527204597017,0.8327457180421722,0.8285714285714286,0.9021333333333332
rf,bor,5,0.8657142857142859,0.8634354452444043,0.8651608021436754,0.8657142857142859,0.9254222222222224
dt,bor,5,0.8285714285714285,0.8273855576113771,0.8282139961487788,0.8285714285714285,0.8097777777777777
gb,bor,5,0.8485714285714285,0.8472666495721416,0.8484272053946558,0.8485714285714285,0.8992888888888888
ab,bor,5,0.8,0.7941019734865689,0.8021166273340187,0.8,0.8534222222222223
svc,bor,5,0.7485714285714286,0.6938229085047757,0.8207499656209085,0.7485714285714286,0.6316444444444445
ri,bor,5,0.722857142857143,0.6828332359699559,0.7289503623311673,0.722857142857143,0.7482666666666666
xgb,bor,5,0.8714285714285713,0.8687389499635675,0.87215202913029,0.8714285714285713,0.9027555555555555
lr,bor,6,0.7914285714285714,0.7583056679829043,0.8386576224845628,0.7914285714285714,0.7724444444444444
nb,bor,6,0.7514285714285714,0.698206278250295,0.8222312032772614,0.7514285714285714,0.8368000000000002
knn,bor,6,0.8371428571428572,0.8258085836430912,0.8546783630081863,0.8371428571428572,0.9007111111111111
rf,bor,6,0.8828571428571429,0.8810575477817986,0.8847046981182041,0.8828571428571429,0.9340444444444446
dt,bor,6,0.8457142857142858,0.8438723057520567,0.8468809861808257,0.8457142857142858,0.8259555555555556
gb,bor,6,0.8685714285714287,0.8657405074187663,0.8686025775796822,0.8685714285714287,0.9038222222222222
ab,bor,6,0.8171428571428571,0.8097958945273442,0.8217517868604824,0.8171428571428571,0.8641777777777777
svc,bor,6,0.7885714285714285,0.7538073415254258,0.8426644237520822,0.7885714285714285,0.7872
ri,bor,6,0.7914285714285714,0.7584922288624186,0.8385221376686267,0.7914285714285714,0.7749333333333334
xgb,bor,6,0.8657142857142859,0.863476405303445,0.8683467268568099,0.8657142857142859,0.9150222222222222
lr,bor,7,0.7885714285714285,0.7553979789389004,0.8317975063677243,0.7885714285714285,0.7660444444444445
nb,bor,7,0.7514285714285714,0.698206278250295,0.8222312032772614,0.7514285714285714,0.8414222222222222
knn,bor,7,0.8400000000000001,0.8303583337768977,0.8540868612723671,0.8400000000000001,0.8787555555555555
rf,bor,7,0.8914285714285715,0.8894006016166619,0.8934837383891472,0.8914285714285715,0.9424888888888889
dt,bor,7,0.8314285714285715,0.8300743027630899,0.8310615386839382,0.8314285714285715,0.812
gb,bor,7,0.8542857142857143,0.8501806699651772,0.854461060678452,0.8542857142857143,0.9029333333333334
ab,bor,7,0.8085714285714285,0.8026118829274287,0.8096528635478567,0.8085714285714285,0.8596444444444444
svc,bor,7,0.7857142857142857,0.7500458583950106,0.8409736831659588,0.7857142857142857,0.7870222222222222
ri,bor,7,0.7828571428571428,0.7466993009357648,0.8302711437463914,0.7828571428571428,0.768888888888889
xgb,bor,7,0.8800000000000001,0.8779330029278644,0.8808598434044072,0.8800000000000001,0.9162666666666667
lr,bor,8,0.7971428571428572,0.7705105707267002,0.8373347301302967,0.7971428571428572,0.7687111111111111
nb,bor,8,0.7571428571428571,0.706612917544733,0.8252908089280886,0.7571428571428571,0.8371555555555557
knn,bor,8,0.8342857142857143,0.8230475404051786,0.849233772456351,0.8342857142857143,0.8836444444444445
rf,bor,8,0.8885714285714286,0.886673749332181,0.8900614515829215,0.8885714285714286,0.9480000000000001
dt,bor,8,0.8285714285714286,0.8260357600019315,0.8285165995471111,0.8285714285714286,0.800888888888889
gb,bor,8,0.8828571428571429,0.8795969132992244,0.883808698547829,0.8828571428571429,0.9152888888888888
ab,bor,8,0.8200000000000001,0.8146735524963418,0.8239374563095643,0.8200000000000001,0.8631111111111112
svc,bor,8,0.8,0.771890206481085,0.8485888856008377,0.8,0.7646222222222223
ri,bor,8,0.8057142857142857,0.7783160313851981,0.8524257786704821,0.8057142857142857,0.7720888888888889
xgb,bor,8,0.86,0.8571213188716673,0.8606876999403147,0.86,0.904711111111111
lr,bor,9,0.7742857142857142,0.7478393859946019,0.8103433520844234,0.7742857142857142,0.7923555555555556
nb,bor,9,0.76,0.7106537791724028,0.8268716051810159,0.76,0.8296888888888889
knn,bor,9,0.8485714285714285,0.8383641563417707,0.8637912748171368,0.8485714285714285,0.8888
rf,bor,9,0.8857142857142858,0.8833565116279912,0.8888712860969363,0.8857142857142858,0.9410666666666666
dt,bor,9,0.8257142857142858,0.823589614409895,0.8278871089930654,0.8257142857142858,0.796888888888889
gb,bor,9,0.8685714285714285,0.8656226032698198,0.8712814755395699,0.8685714285714285,0.9110222222222222
ab,bor,9,0.8028571428571428,0.7982425219726782,0.8119112222034731,0.8028571428571428,0.8536888888888889
svc,bor,9,0.8114285714285714,0.7887167840703363,0.8492767944322497,0.8114285714285714,0.8128000000000002
ri,bor,9,0.7885714285714286,0.7621900682126279,0.8254010126777983,0.7885714285714286,0.8016
xgb,bor,9,0.8857142857142858,0.8825343008512112,0.8899762717577213,0.8857142857142858,0.9189333333333332
lr,bor,10,0.7742857142857142,0.7476632311870353,0.8086283130319023,0.7742857142857142,0.781511111111111
nb,bor,10,0.7571428571428571,0.7081640285551748,0.819166687148229,0.7571428571428571,0.8272
knn,bor,10,0.8457142857142858,0.8333150127346117,0.8576148197965523,0.8457142857142858,0.9069333333333335
rf,bor,10,0.8971428571428571,0.8951655333983132,0.8996459723356793,0.8971428571428571,0.9532444444444443
dt,bor,10,0.8428571428571429,0.8396762877230124,0.8423897249314575,0.8428571428571429,0.8173333333333334
gb,bor,10,0.8771428571428572,0.8742524528586613,0.8818084487306059,0.8771428571428572,0.9280000000000002
ab,bor,10,0.7942857142857143,0.7894568254323239,0.7957113886938209,0.7942857142857143,0.8684444444444445
svc,bor,10,0.8085714285714285,0.7852817207837879,0.8473983157680566,0.8085714285714285,0.7870222222222223
ri,bor,10,0.7857142857142858,0.75942627035258,0.8170214936899258,0.7857142857142858,0.7937777777777777
xgb,bor,10,0.8685714285714287,0.8644800329180532,0.8736323401541067,0.8685714285714287,0.9352888888888888
lr,bor,11,0.7942857142857143,0.7725961521522011,0.8214674831512842,0.7942857142857143,0.7735111111111111
nb,bor,11,0.76,0.7136760344001749,0.8170200613978725,0.76,0.8309333333333333
knn,bor,11,0.837142857142857,0.8235840019090064,0.8509484171659094,0.837142857142857,0.909688888888889
rf,bor,11,0.8800000000000001,0.8781127896266913,0.8818732000031911,0.8800000000000001,0.9517333333333333
dt,bor,11,0.8257142857142858,0.8239028402811268,0.8308544333293716,0.8257142857142858,0.8057777777777779
gb,bor,11,0.8628571428571428,0.8602476313616118,0.8645611066172716,0.8628571428571428,0.9299555555555555
ab,bor,11,0.8085714285714285,0.8018963428796333,0.810104176848219,0.8085714285714285,0.8719111111111111
svc,bor,11,0.7971428571428572,0.7701501909878898,0.8406139176982268,0.7971428571428572,0.7856
ri,bor,11,0.8057142857142857,0.7828930647869253,0.8429338056864866,0.8057142857142857,0.7927111111111111
xgb,bor,11,0.8685714285714285,0.8645425752169507,0.8727852859129644,0.8685714285714285,0.9329777777777778
lr,bor,12,0.7857142857142858,0.763940486671293,0.8083930804450873,0.7857142857142858,0.7726222222222223
nb,bor,12,0.7514285714285714,0.7072438589470877,0.7973627825974333,0.7514285714285714,0.8316444444444444
knn,bor,12,0.8514285714285714,0.8413339370218521,0.8633740616523792,0.8514285714285714,0.9082666666666667
rf,bor,12,0.877142857142857,0.8747613276057592,0.8788556664531498,0.877142857142857,0.9490666666666666
dt,bor,12,0.8114285714285714,0.8098040184453227,0.8114144969541446,0.8114285714285714,0.7875555555555556
gb,bor,12,0.8514285714285714,0.8473908599329836,0.8531140192742358,0.8514285714285714,0.9160888888888887
ab,bor,12,0.8228571428571427,0.8164462499373324,0.8264430065771415,0.8228571428571427,0.8632888888888889
svc,bor,12,0.7971428571428572,0.769930823896052,0.8413315284761591,0.7971428571428572,0.781511111111111
ri,bor,12,0.7971428571428572,0.775142811841718,0.8285057838336527,0.7971428571428572,0.7884444444444444
xgb,bor,12,0.8657142857142859,0.8604914821619722,0.8717099567099567,0.8657142857142859,0.9221333333333334
lr,bor,13,0.8,0.7770823493373561,0.8340755481078063,0.8,0.7802666666666667
nb,bor,13,0.7485714285714286,0.70475320326131,0.7934829124675631,0.7485714285714286,0.8346666666666666
knn,bor,13,0.8371428571428572,0.8236786818623554,0.8546196512368601,0.8371428571428572,0.9017777777777779
rf,bor,13,0.8971428571428571,0.8955617357614354,0.8993315428492418,0.8971428571428571,0.9542222222222222
dt,bor,13,0.82,0.8173045630122069,0.8184081536623683,0.82,0.7924444444444445
gb,bor,13,0.8571428571428571,0.8530451108010698,0.8594650568878137,0.8571428571428571,0.9290666666666665
ab,bor,13,0.8285714285714286,0.8225405323656186,0.8316190185519744,0.8285714285714286,0.8567111111111112
svc,bor,13,0.8085714285714285,0.7841883436140821,0.8486173340055243,0.8085714285714285,0.7815111111111112
ri,bor,13,0.8028571428571428,0.7821989903480537,0.8346873430782769,0.8028571428571428,0.7863111111111111
xgb,bor,13,0.8800000000000001,0.8766796810062079,0.8841185732052607,0.8800000000000001,0.9294222222222223
lr,bor,14,0.8,0.7791866766786172,0.8296074819762165,0.8,0.7888
nb,bor,14,0.7542857142857142,0.7121468961015613,0.7987871769850428,0.7542857142857142,0.8350222222222223
knn,bor,14,0.8342857142857142,0.8187180943907182,0.8526814135685102,0.8342857142857142,0.8939555555555556
rf,bor,14,0.9,0.8979335792278882,0.9027598377570625,0.9,0.9585777777777779
dt,bor,14,0.8142857142857144,0.8103504061535732,0.8153797152328606,0.8142857142857144,0.780888888888889
gb,bor,14,0.8628571428571428,0.8589939717616369,0.8659577384067181,0.8628571428571428,0.9390222222222222
ab,bor,14,0.8457142857142858,0.8399302260123888,0.8519109303395018,0.8457142857142858,0.874311111111111
svc,bor,14,0.8142857142857143,0.792253613325786,0.8522582726082646,0.8142857142857143,0.7978666666666667
ri,bor,14,0.8,0.7816299468632307,0.8231069972534863,0.8,0.795911111111111
xgb,bor,14,0.8800000000000001,0.8762278598850667,0.885931247196508,0.8800000000000001,0.9303111111111111
lr,bor,15,0.7971428571428573,0.7776054920136553,0.8216653486408372,0.7971428571428573,0.8204444444444444
nb,bor,15,0.7542857142857142,0.7121468961015613,0.7987871769850428,0.7542857142857142,0.8378666666666668
knn,bor,15,0.8371428571428572,0.8238199355569886,0.8554856577031499,0.8371428571428572,0.8984888888888889
rf,bor,15,0.9028571428571428,0.9013536892752789,0.9044772604469268,0.9028571428571428,0.9538666666666666
dt,bor,15,0.822857142857143,0.8193975537536726,0.8217935220918278,0.822857142857143,0.7946666666666667
gb,bor,15,0.8942857142857144,0.8916592230812187,0.8976099863317689,0.8942857142857144,0.9491555555555555
ab,bor,15,0.8628571428571428,0.8574255729145124,0.8718346664141858,0.8628571428571428,0.8889777777777776
svc,bor,15,0.8257142857142858,0.8058942408952964,0.8639275319635494,0.8257142857142858,0.810488888888889
ri,bor,15,0.8028571428571428,0.7869677792497548,0.8231164198578022,0.8028571428571428,0.8305777777777777
xgb,bor,15,0.8885714285714286,0.885361732665259,0.8946062712797407,0.8885714285714286,0.943288888888889
lr,bor,16,0.8457142857142858,0.8344306643016657,0.8640713115982962,0.8457142857142858,0.8620444444444445
nb,bor,16,0.7942857142857143,0.7658661778828122,0.8285297251315373,0.7942857142857143,0.8888888888888887
knn,bor,16,0.82,0.8026920651188195,0.8467404636827194,0.82,0.8938666666666666
rf,bor,16,0.9142857142857143,0.9132736457071727,0.9145506187098912,0.9142857142857143,0.9587555555555556
dt,bor,16,0.8342857142857143,0.8339043211180492,0.837563341125924,0.8342857142857143,0.8195555555555556
gb,bor,16,0.9085714285714286,0.9064317798653019,0.9101293251304107,0.9085714285714286,0.9557333333333334
ab,bor,16,0.8885714285714286,0.8845429137050171,0.8954757679058136,0.8885714285714286,0.9291555555555556
svc,bor,16,0.86,0.8511487546024679,0.8770722738348447,0.86,0.8680888888888889
ri,bor,16,0.8428571428571429,0.8343899883834188,0.8538353973168216,0.8428571428571429,0.8625777777777778
xgb,bor,16,0.9057142857142857,0.9042364644496779,0.9073001575269929,0.9057142857142857,0.9477333333333334
lr,bor,17,0.8542857142857144,0.8435284803476556,0.8729677758443721,0.8542857142857144,0.8599111111111111
nb,bor,17,0.8057142857142857,0.7793726374589204,0.8382273211862763,0.8057142857142857,0.9084444444444444
knn,bor,17,0.8114285714285714,0.7923197129530186,0.8405487731586174,0.8114285714285714,0.8928
rf,bor,17,0.917142857142857,0.9159779566031547,0.9180762591555839,0.917142857142857,0.9608888888888888
dt,bor,17,0.8371428571428572,0.8356393273558884,0.8404334900860444,0.8371428571428572,0.82
gb,bor,17,0.9142857142857143,0.912278403485803,0.9183602671555118,0.9142857142857143,0.9591999999999998
ab,bor,17,0.8771428571428572,0.8719718698741399,0.8824526609903905,0.8771428571428572,0.936711111111111
svc,bor,17,0.8514285714285714,0.8415018091590977,0.869968176116517,0.8514285714285714,0.8657777777777778
ri,bor,17,0.8342857142857142,0.8246114210690466,0.8454887690568805,0.8342857142857142,0.8634666666666666
xgb,bor,17,0.8914285714285715,0.8894285841084993,0.8948594340442166,0.8914285714285715,0.9530666666666667
lr,bor,18,0.86,0.8512340503922466,0.8755262980843002,0.86,0.8670222222222221
nb,bor,18,0.86,0.8496131511794964,0.8806865581538019,0.86,0.9376
knn,bor,18,0.8371428571428572,0.8241425616005975,0.859732596807303,0.8371428571428572,0.8920888888888889
rf,bor,18,0.9314285714285715,0.9304165370006438,0.9322778072267868,0.9314285714285715,0.9635555555555555
dt,bor,18,0.8800000000000001,0.8792388739525394,0.8795722905678964,0.8800000000000001,0.8639999999999999
gb,bor,18,0.917142857142857,0.9158296823124614,0.9194858423889036,0.917142857142857,0.958311111111111
ab,bor,18,0.9228571428571428,0.9217408468772206,0.9239432304513249,0.9228571428571428,0.9426666666666668
svc,bor,18,0.86,0.8517347387188556,0.8741512450554707,0.86,0.8446222222222222
ri,bor,18,0.8428571428571429,0.8354309679006475,0.8513441125929191,0.8428571428571429,0.8705777777777779
xgb,bor,18,0.9057142857142857,0.9043565875202157,0.9065576917180609,0.9057142857142857,0.9555555555555555
lr,bor,19,0.86,0.8518768535680425,0.874039307184044,0.86,0.8759111111111111
nb,bor,19,0.8742857142857142,0.8664813240867775,0.8904847870182557,0.8742857142857142,0.9393777777777776
knn,bor,19,0.8342857142857143,0.8195579492184816,0.8597557767808273,0.8342857142857143,0.8946666666666667
rf,bor,19,0.9285714285714286,0.9275822984082991,0.9291847126455577,0.9285714285714286,0.9719111111111112
dt,bor,19,0.8828571428571429,0.8824483923352601,0.8830280467786652,0.8828571428571429,0.8697777777777779
gb,bor,19,0.9114285714285714,0.9102647483835387,0.9130811277469725,0.9114285714285714,0.9633777777777779
ab,bor,19,0.9257142857142856,0.9245810551591755,0.9275249941873982,0.9257142857142856,0.9437333333333333
svc,bor,19,0.8657142857142859,0.857839576850391,0.8795881967003248,0.8657142857142859,0.8519111111111112
ri,bor,19,0.8428571428571429,0.8354938087793741,0.8523988868274582,0.8428571428571429,0.8846222222222224
xgb,bor,19,0.917142857142857,0.9157174834209323,0.9186455889996215,0.917142857142857,0.9594666666666667
lr,bor,20,0.8657142857142859,0.8572991637539836,0.8799537523228362,0.8657142857142859,0.8794666666666666
nb,bor,20,0.8800000000000001,0.8726025430444032,0.8965023056385917,0.8800000000000001,0.9438222222222222
knn,bor,20,0.8285714285714285,0.8124739179651723,0.8552470741525292,0.8285714285714285,0.8937777777777777
rf,bor,20,0.9428571428571428,0.9420398553295595,0.9437983850147097,0.9428571428571428,0.9662222222222223
dt,bor,20,0.8657142857142857,0.8641225705757695,0.8671807834961569,0.8657142857142857,0.8475555555555555
gb,bor,20,0.9199999999999999,0.918517801578625,0.9223066438151843,0.9199999999999999,0.9629333333333333
ab,bor,20,0.9314285714285713,0.9301171804606125,0.9337457874652438,0.9314285714285713,0.9467555555555556
svc,bor,20,0.8600000000000001,0.852659656980201,0.870906156599335,0.8600000000000001,0.8615111111111112
ri,bor,20,0.8399999999999999,0.8337947252631878,0.8469012850951174,0.8399999999999999,0.8848
xgb,bor,20,0.9142857142857143,0.9130627652685025,0.9152108939472493,0.9142857142857143,0.9537777777777778
lr,bor,21,0.8657142857142859,0.8572991637539836,0.8799537523228362,0.8657142857142859,0.8780444444444445
nb,bor,21,0.8771428571428572,0.8700410855620891,0.8914518113465482,0.8771428571428572,0.9413333333333334
knn,bor,21,0.837142857142857,0.8230069291265494,0.8598301670527727,0.837142857142857,0.8968
rf,bor,21,0.9342857142857144,0.9331857596722747,0.9358041576879199,0.9342857142857144,0.9701333333333334
dt,bor,21,0.8657142857142857,0.8649818853480374,0.8678045945110737,0.8657142857142857,0.8511111111111112
gb,bor,21,0.917142857142857,0.9158228519185723,0.918316399798984,0.917142857142857,0.9668444444444445
ab,bor,21,0.9314285714285713,0.9301171804606125,0.9337457874652438,0.9314285714285713,0.9480000000000001
svc,bor,21,0.8600000000000001,0.8530498062637492,0.8691579234991538,0.8600000000000001,0.8600888888888889
ri,bor,21,0.8371428571428572,0.8302004990415831,0.8427860342074249,0.8371428571428572,0.8810666666666667
xgb,bor,21,0.9114285714285714,0.9099462618888413,0.9128044366274792,0.9114285714285714,0.956088888888889
lr,bor,22,0.86,0.8515279422218927,0.874112599950694,0.86,0.8929777777777778
nb,bor,22,0.8828571428571429,0.8766733456627807,0.8963889751389278,0.8828571428571429,0.9423999999999999
knn,bor,22,0.8399999999999999,0.8280243970107046,0.8582592644298632,0.8399999999999999,0.9116444444444444
rf,bor,22,0.9314285714285715,0.9305787771307548,0.9323093035549095,0.9314285714285715,0.9721777777777778
dt,bor,22,0.862857142857143,0.8610930092684483,0.8619797966040579,0.862857142857143,0.8400000000000001
gb,bor,22,0.9257142857142856,0.924377598881485,0.9281595628665308,0.9257142857142856,0.9707555555555555
ab,bor,22,0.9371428571428572,0.9361617420626756,0.9384569602460445,0.9371428571428572,0.9539555555555556
svc,bor,22,0.8514285714285716,0.8428364901894992,0.8635017553638834,0.8514285714285716,0.8714666666666666
ri,bor,22,0.8428571428571429,0.8352861703746777,0.8519979821765535,0.8428571428571429,0.885688888888889
xgb,bor,22,0.9199999999999999,0.9184734079423522,0.9213286450313959,0.9199999999999999,0.9585777777777779
lr,bor,23,0.8571428571428571,0.8485640131773463,0.8699641491957288,0.8571428571428571,0.8992000000000001
nb,bor,23,0.8771428571428572,0.8700237498863418,0.8921699506870417,0.8771428571428572,0.9436444444444444
knn,bor,23,0.8428571428571427,0.8313368088966605,0.859593831944135,0.8428571428571427,0.9107555555555555
rf,bor,23,0.9371428571428572,0.9362686337974683,0.9379572326425674,0.9371428571428572,0.9751111111111112
dt,bor,23,0.8742857142857143,0.8737919532197098,0.874601046502064,0.8742857142857143,0.8595555555555556
gb,bor,23,0.9257142857142856,0.924484604202458,0.9266260858777237,0.9257142857142856,0.9703999999999999
ab,bor,23,0.9400000000000001,0.939088665684154,0.9416209838573391,0.9400000000000001,0.9566222222222223
svc,bor,23,0.8485714285714285,0.8398758195380566,0.860685800119621,0.8485714285714285,0.8675555555555554
ri,bor,23,0.8485714285714285,0.8420232438888899,0.8561497601038418,0.8485714285714285,0.8927999999999999
xgb,bor,23,0.9085714285714286,0.9073459879285212,0.9089531539275729,0.9085714285714286,0.9575111111111113
lr,bor,24,0.8657142857142859,0.8565097707089242,0.8822459041750008,0.8657142857142859,0.8990222222222222
nb,bor,24,0.8857142857142858,0.879940030860775,0.8984105384812457,0.8857142857142858,0.9427555555555556
knn,bor,24,0.8314285714285713,0.8168814232631728,0.8510840490042171,0.8314285714285713,0.9033777777777778
rf,bor,24,0.9314285714285713,0.9308865002731226,0.9318900790129716,0.9314285714285713,0.9712888888888889
dt,bor,24,0.8685714285714285,0.8666213864596785,0.8692709033180819,0.8685714285714285,0.8480000000000001
gb,bor,24,0.9314285714285713,0.9301844198009273,0.9324803283820586,0.9314285714285713,0.9709333333333333
ab,bor,24,0.9371428571428572,0.9359685107274333,0.9395979755538578,0.9371428571428572,0.9589333333333334
svc,bor,24,0.8571428571428571,0.8483733951662609,0.8706816429117147,0.8571428571428571,0.8617777777777779
ri,bor,24,0.8400000000000001,0.8329045405660642,0.8481622987540881,0.8400000000000001,0.8831999999999999
xgb,bor,24,0.9085714285714286,0.9071252245581176,0.9095691759674185,0.9085714285714286,0.9559111111111112
lr,bor,25,0.8657142857142859,0.8571342831148243,0.881099185711314,0.8657142857142859,0.8972444444444445
nb,bor,25,0.8885714285714286,0.883134842367595,0.9005098542598068,0.8885714285714286,0.9415111111111111
knn,bor,25,0.8314285714285713,0.8173926520036714,0.8507307212313903,0.8314285714285713,0.9074666666666665
rf,bor,25,0.9314285714285715,0.9308841033603965,0.9313299924712968,0.9314285714285715,0.9705777777777778
dt,bor,25,0.8542857142857144,0.8516871506114487,0.8545167694624217,0.8542857142857144,0.8297777777777778
gb,bor,25,0.9285714285714285,0.9272537731036433,0.9297343039778474,0.9285714285714285,0.9701333333333334
ab,bor,25,0.9400000000000001,0.9387852857891061,0.9424602943944376,0.9400000000000001,0.9555555555555555
svc,bor,25,0.8571428571428571,0.8483733951662609,0.8706816429117147,0.8571428571428571,0.8611555555555555
ri,bor,25,0.837142857142857,0.8296421137620822,0.8450952433605021,0.837142857142857,0.8816
xgb,bor,25,0.917142857142857,0.9157120923734737,0.9182568209258066,0.917142857142857,0.9580444444444446
lr,bor,26,0.8657142857142859,0.8571342831148243,0.881099185711314,0.8657142857142859,0.8979555555555556
nb,bor,26,0.8885714285714286,0.883134842367595,0.9005098542598068,0.8885714285714286,0.9388444444444444
knn,bor,26,0.8400000000000001,0.8284891476294867,0.8569066324235497,0.8400000000000001,0.9066666666666668
rf,bor,26,0.9371428571428572,0.9364061721466388,0.937883632560873,0.9371428571428572,0.9776888888888889
dt,bor,26,0.8571428571428573,0.8544366549075493,0.8570842020298542,0.8571428571428573,0.8320000000000001
gb,bor,26,0.9285714285714285,0.9271355275395374,0.9298205306967509,0.9285714285714285,0.970488888888889
ab,bor,26,0.9400000000000001,0.9387852857891061,0.9424602943944376,0.9400000000000001,0.9548444444444444
svc,bor,26,0.8571428571428571,0.8483733951662609,0.8706816429117147,0.8571428571428571,0.8604444444444445
ri,bor,26,0.837142857142857,0.8296421137620822,0.8450952433605021,0.837142857142857,0.8839111111111111
xgb,bor,26,0.9142857142857143,0.9128487068701464,0.9150960850743461,0.9142857142857143,0.9539555555555556
lr,bor,27,0.8600000000000001,0.8512488612896772,0.8726845291825185,0.8600000000000001,0.9009777777777778
nb,bor,27,0.8885714285714286,0.883134842367595,0.9005098542598068,0.8885714285714286,0.9386666666666665
knn,bor,27,0.837142857142857,0.8250117139236064,0.8553128742780498,0.837142857142857,0.8984000000000002
rf,bor,27,0.9371428571428572,0.9362862276787229,0.9384285934540328,0.9371428571428572,0.9749333333333334
dt,bor,27,0.8714285714285716,0.8690343701978138,0.8719822114364204,0.8714285714285716,0.8484444444444443
gb,bor,27,0.9314285714285715,0.9301474589061854,0.9331641708631505,0.9314285714285715,0.9672888888888889
ab,bor,27,0.9285714285714286,0.9275968011971779,0.9300383092855341,0.9285714285714286,0.952888888888889
svc,bor,27,0.8571428571428571,0.8483733951662609,0.8706816429117147,0.8571428571428571,0.8609777777777777
ri,bor,27,0.8457142857142858,0.8390795568437424,0.8553524338389622,0.8457142857142858,0.8876444444444445
xgb,bor,27,0.9142857142857143,0.9124878018654323,0.9159551547445929,0.9142857142857143,0.9566222222222223
lr,bor,28,0.862857142857143,0.8545072705881822,0.8755138267286376,0.862857142857143,0.901511111111111
nb,bor,28,0.8857142857142858,0.8806764903712343,0.8952713852458276,0.8857142857142858,0.936888888888889
knn,bor,28,0.8314285714285713,0.8179905177900121,0.850638924324784,0.8314285714285713,0.8985777777777777
rf,bor,28,0.9371428571428572,0.9364869143517975,0.9377206591636258,0.9371428571428572,0.9712
dt,bor,28,0.8714285714285716,0.8705107933656707,0.8713371612628231,0.8714285714285716,0.8555555555555555
gb,bor,28,0.9228571428571428,0.9214776838464218,0.9244446140963444,0.9228571428571428,0.9674666666666667
ab,bor,28,0.9285714285714286,0.9273170778369735,0.9304867297003498,0.9285714285714286,0.9473777777777779
svc,bor,28,0.8657142857142857,0.857782413129358,0.8787719896602482,0.8657142857142857,0.8643555555555557
ri,bor,28,0.8400000000000001,0.8319709894471872,0.8499505956146415,0.8400000000000001,0.8931555555555555
xgb,bor,28,0.9142857142857143,0.9124618154300933,0.9158450328988474,0.9142857142857143,0.9523555555555555
lr,bor,29,0.862857142857143,0.8545072705881822,0.8755138267286376,0.862857142857143,0.9013333333333333
nb,bor,29,0.8800000000000001,0.8751764364041732,0.8866848272460043,0.8800000000000001,0.9347555555555556
knn,bor,29,0.8285714285714285,0.8137670843874529,0.8511780718675357,0.8285714285714285,0.8984
rf,bor,29,0.9400000000000001,0.9394175610490814,0.940466683567837,0.9400000000000001,0.9715555555555555
dt,bor,29,0.8800000000000001,0.8789306270073324,0.8798580325786947,0.8800000000000001,0.8640000000000001
gb,bor,29,0.9314285714285715,0.9301474589061854,0.9331641708631505,0.9314285714285715,0.9670222222222223
ab,bor,29,0.9285714285714286,0.9273170778369735,0.9304867297003498,0.9285714285714286,0.9473777777777779
svc,bor,29,0.8628571428571428,0.8548517664320743,0.8760259652560368,0.8628571428571428,0.8634666666666668
ri,bor,29,0.8514285714285714,0.8450657339994871,0.859923389886845,0.8514285714285714,0.8913777777777778
xgb,bor,29,0.9142857142857143,0.9124618154300933,0.9158450328988474,0.9142857142857143,0.9523555555555555
lr,bor,30,0.862857142857143,0.8545072705881822,0.8755138267286376,0.862857142857143,0.8990222222222222
nb,bor,30,0.8800000000000001,0.8751764364041732,0.8866848272460043,0.8800000000000001,0.9338666666666666
knn,bor,30,0.8285714285714285,0.8144852591394944,0.848689442696729,0.8285714285714285,0.8909333333333332
rf,bor,30,0.9342857142857142,0.9336370032454534,0.9347754144607492,0.9342857142857142,0.9704
dt,bor,30,0.8885714285714286,0.8870655307244062,0.8883488833091053,0.8885714285714286,0.8688888888888888
gb,bor,30,0.9257142857142856,0.924497045950288,0.9268229784855784,0.9257142857142856,0.9647111111111112
ab,bor,30,0.9257142857142856,0.9242445290407405,0.9282178221373247,0.9257142857142856,0.9471999999999999
svc,bor,30,0.8657142857142859,0.8578248629130721,0.8783765238478187,0.8657142857142859,0.8558222222222222
ri,bor,30,0.8457142857142858,0.8386077679908943,0.8537967665102217,0.8457142857142858,0.8906666666666666
xgb,bor,30,0.9228571428571428,0.9215983143195837,0.9236274773638327,0.9228571428571428,0.9575111111111111
lr,bor,31,0.8542857142857144,0.8451310393613694,0.8662266285402186,0.8542857142857144,0.9000888888888889
nb,bor,31,0.8742857142857143,0.8696719732447609,0.8795198559943458,0.8742857142857143,0.9297777777777778
knn,bor,31,0.8257142857142856,0.8115933139887854,0.8458739023793109,0.8257142857142856,0.8984888888888891
rf,bor,31,0.9342857142857144,0.9336021232410898,0.936044137022398,0.9342857142857144,0.9732444444444445
dt,bor,31,0.8857142857142858,0.8840894464039373,0.8871172395802368,0.8857142857142858,0.8666666666666668
gb,bor,31,0.9314285714285715,0.9300936351788923,0.9332314586478295,0.9314285714285715,0.9642666666666667
ab,bor,31,0.9257142857142856,0.9242445290407405,0.9282178221373247,0.9257142857142856,0.9486222222222223
svc,bor,31,0.8542857142857144,0.8454566624630127,0.8682196561851476,0.8542857142857144,0.872711111111111
ri,bor,31,0.8399999999999999,0.833354642283085,0.847059863774102,0.8399999999999999,0.8821333333333335
xgb,bor,31,0.917142857142857,0.9156421615334226,0.9180727060481917,0.917142857142857,0.9546666666666667
lr,bor,32,0.8571428571428573,0.8477202536977216,0.8701795776443886,0.8571428571428573,0.8986666666666666
nb,bor,32,0.8685714285714287,0.8641229901766442,0.8728654765725505,0.8685714285714287,0.9281777777777778
knn,bor,32,0.8285714285714285,0.8148401763190174,0.8481599934001413,0.8285714285714285,0.8878222222222222
rf,bor,32,0.9257142857142856,0.9250528339199878,0.9257190061711338,0.9257142857142856,0.9730666666666666
dt,bor,32,0.877142857142857,0.8758744514467202,0.8763813447937652,0.877142857142857,0.8582222222222222
gb,bor,32,0.9342857142857144,0.9329642339678585,0.9360264897037303,0.9342857142857144,0.9629333333333333
ab,bor,32,0.9257142857142856,0.9242445290407405,0.9282178221373247,0.9257142857142856,0.9486222222222223
svc,bor,32,0.8514285714285714,0.8418404239934663,0.8661337981383739,0.8514285714285714,0.8723555555555554
ri,bor,32,0.837142857142857,0.8298534635937873,0.8448829930258027,0.837142857142857,0.8796444444444443
xgb,bor,32,0.917142857142857,0.9156421615334226,0.9180727060481917,0.917142857142857,0.9559111111111112
