model,fs_method,k,accuracy
lr,nofs,13,0.8407407407407408,0.8402076972838204,0.841463213355618,0.8407407407407408,0.9111111111111112
nb,nofs,13,0.8407407407407408,0.8403719142362828,0.8408530135388481,0.8407407407407408,0.9
knn,nofs,13,0.8148148148148149,0.8141199869686421,0.8157806373543666,0.8148148148148149,0.8640277777777777
rf,nofs,13,0.8148148148148149,0.8136406261935878,0.8148968016166475,0.8148148148148149,0.8909722222222223
dt,nofs,13,0.725925925925926,0.7255258531570674,0.7280563520820451,0.725925925925926,0.7233333333333334
gb,nofs,13,0.7888888888888889,0.7872642554479066,0.7899879951376592,0.7888888888888889,0.8627777777777779
ab,nofs,13,0.8444444444444444,0.8437310456270268,0.8462548811199024,0.8444444444444444,0.8938888888888888
svc,nofs,13,0.8481481481481483,0.8476154545957046,0.8493961978621867,0.8481481481481483,0.9049999999999999
ri,nofs,13,0.8296296296296296,0.8289918399335674,0.8302426730881173,0.8296296296296296,0.9069444444444444
xgb,nofs,13,0.7962962962962963,0.7961534561349468,0.797474705896753,0.7962962962962963,0.8744444444444446
lr,bor,1,0.5592592592592592,0.5216735490123185,0.5521899758202339,0.5592592592592592,0.63625
nb,bor,1,0.6111111111111112,0.6082971886629363,0.6170335284128388,0.6111111111111112,0.6351388888888889
knn,bor,1,0.5740740740740741,0.5700064473350507,0.5759174767727399,0.5740740740740741,0.5727777777777778
rf,bor,1,0.5703703703703704,0.566033410972185,0.5705177282992246,0.5703703703703704,0.5663888888888888
dt,bor,1,0.5814814814814815,0.5765037930567919,0.5805825923725643,0.5814814814814815,0.5793055555555555
gb,bor,1,0.5740740740740741,0.5707615861242323,0.5757984898212205,0.5740740740740741,0.5943055555555555
ab,bor,1,0.6296296296296295,0.6293899597628398,0.6333560011720931,0.6296296296296295,0.6454166666666666
svc,bor,1,0.5259259259259259,0.41298448140553407,0.3585882984433709,0.5259259259259259,0.48
ri,bor,1,0.6,0.5859470849894928,0.5980161683670455,0.6,0.63625
xgb,bor,1,0.5814814814814815,0.5784522148677169,0.5821832419781603,0.5814814814814815,0.5719444444444445
lr,bor,2,0.737037037037037,0.7370522638008822,0.7406308586094701,0.737037037037037,0.7805555555555556
nb,bor,2,0.7,0.7005789990310114,0.7048161714828381,0.7,0.7605555555555557
knn,bor,2,0.6814814814814815,0.6803540719633333,0.6834048477569349,0.6814814814814815,0.7613888888888889
rf,bor,2,0.6814814814814814,0.680416869920753,0.685684916934917,0.6814814814814814,0.7519444444444445
dt,bor,2,0.6777777777777778,0.675787401650785,0.6799931420972254,0.6777777777777778,0.6923611111111111
gb,bor,2,0.7037037037037037,0.7022736473026756,0.7095248895860147,0.7037037037037037,0.7415277777777777
ab,bor,2,0.7444444444444445,0.7427180667069149,0.7464499411251533,0.7444444444444445,0.77625
svc,bor,2,0.7481481481481482,0.7486125612336283,0.7527901234567901,0.7481481481481482,0.7827777777777778
ri,bor,2,0.7296296296296296,0.7294957000517643,0.7332667911228536,0.7296296296296296,0.7780555555555556
xgb,bor,2,0.6814814814814815,0.6803743882376179,0.6846606325772993,0.6814814814814815,0.74375
lr,bor,3,0.762962962962963,0.7629329102815566,0.7658747887914554,0.762962962962963,0.8068055555555557
nb,bor,3,0.7518518518518518,0.7513381071080902,0.7536164627924092,0.7518518518518518,0.8004166666666667
knn,bor,3,0.7,0.6985907295070568,0.7034430655551345,0.7,0.7531944444444445
rf,bor,3,0.6888888888888889,0.6867305944900083,0.6889842319051244,0.6888888888888889,0.7530555555555556
dt,bor,3,0.6703703703703704,0.6690364594787759,0.6720707492637317,0.6703703703703704,0.6641666666666667
gb,bor,3,0.6962962962962963,0.6957222168355915,0.6991466975290506,0.6962962962962963,0.7477777777777779
ab,bor,3,0.7333333333333333,0.7317260395416773,0.7387845456276967,0.7333333333333333,0.787638888888889
svc,bor,3,0.7555555555555556,0.7556654550361847,0.7595223415771206,0.7555555555555556,0.8059722222222222
ri,bor,3,0.7407407407407407,0.7402531989475637,0.7448059798986202,0.7407407407407407,0.8051388888888888
xgb,bor,3,0.6814814814814815,0.6772724398146441,0.6831066005197175,0.6814814814814815,0.7427777777777779
lr,bor,4,0.774074074074074,0.7717495770209957,0.7752499147901755,0.774074074074074,0.8313888888888888
nb,bor,4,0.7592592592592593,0.7564117096873733,0.7614739147032816,0.7592592592592593,0.8138888888888889
knn,bor,4,0.7333333333333334,0.7306560483578239,0.7340212049988926,0.7333333333333334,0.7894444444444444
rf,bor,4,0.7481481481481482,0.7466973016308026,0.7484355921855922,0.7481481481481482,0.7905555555555556
dt,bor,4,0.6851851851851851,0.6833179982038523,0.6864718698297075,0.6851851851851851,0.6783333333333333
gb,bor,4,0.7222222222222222,0.721436378249093,0.7257766653903222,0.7222222222222222,0.7665277777777778
ab,bor,4,0.7481481481481481,0.7466841180599042,0.7525563955989919,0.7481481481481481,0.7995833333333333
svc,bor,4,0.7592592592592592,0.757098318773724,0.7610667991279445,0.7592592592592592,0.8272222222222222
ri,bor,4,0.7777777777777778,0.7756843178583688,0.7786565284733753,0.7777777777777778,0.8241666666666667
xgb,bor,4,0.7333333333333334,0.7315278190979454,0.7334954941572589,0.7333333333333334,0.7722222222222224
lr,bor,5,0.8037037037037036,0.801233067710081,0.8082784892266316,0.8037037037037036,0.8644444444444443
nb,bor,5,0.7925925925925926,0.7904096931825267,0.7974446964702514,0.7925925925925926,0.8494444444444446
knn,bor,5,0.7814814814814814,0.7777560768748621,0.7843935682749084,0.7814814814814814,0.8222222222222222
rf,bor,5,0.7925925925925925,0.7900419535119643,0.7956982101718945,0.7925925925925925,0.8338888888888889
dt,bor,5,0.725925925925926,0.7256286013846525,0.7268359610381624,0.725925925925926,0.7225
gb,bor,5,0.7555555555555556,0.7549066977112086,0.7565819929489707,0.7555555555555556,0.8044444444444444
ab,bor,5,0.7925925925925925,0.7914096969406856,0.792707648177494,0.7925925925925925,0.8368055555555556
svc,bor,5,0.8037037037037036,0.8002933321344173,0.8100808616907689,0.8037037037037036,0.8622222222222223
ri,bor,5,0.8037037037037036,0.8016030545664234,0.8081877071319925,0.8037037037037036,0.8613888888888889
xgb,bor,5,0.7444444444444445,0.7430960110803294,0.7456956426466299,0.7444444444444445,0.7883333333333333
lr,bor,6,0.8222222222222222,0.8217460587602468,0.8228640963213193,0.8222222222222222,0.893888888888889
nb,bor,6,0.8296296296296296,0.8287897587692422,0.8320311964891619,0.8296296296296296,0.8866666666666667
knn,bor,6,0.8185185185185185,0.8170799848864666,0.8205388333879176,0.8185185185185185,0.8893055555555553
rf,bor,6,0.7888888888888889,0.7875391011462765,0.7937533911124176,0.7888888888888889,0.8720833333333335
dt,bor,6,0.7185185185185186,0.7182917167233169,0.7225040880238307,0.7185185185185186,0.7150000000000001
gb,bor,6,0.7592592592592593,0.7586450232475185,0.759228120177448,0.7592592592592593,0.841388888888889
ab,bor,6,0.7925925925925925,0.7911147186147185,0.7934040686981864,0.7925925925925925,0.8608333333333332
svc,bor,6,0.8296296296296296,0.8291950224504447,0.8303767225839456,0.8296296296296296,0.8916666666666668
ri,bor,6,0.825925925925926,0.8253649232181506,0.8267618572404688,0.825925925925926,0.8894444444444446
xgb,bor,6,0.7555555555555555,0.7544306254846086,0.7564730633183446,0.7555555555555555,0.8469444444444445
lr,bor,7,0.8222222222222222,0.8217460587602468,0.8228640963213193,0.8222222222222222,0.8905555555555557
nb,bor,7,0.8222222222222223,0.8215499456202171,0.8242160644366526,0.8222222222222223,0.8863888888888889
knn,bor,7,0.8222222222222223,0.8210002010352643,0.8243682270888154,0.8222222222222223,0.8877777777777778
rf,bor,7,0.7925925925925925,0.7908940769394446,0.7952514034412018,0.7925925925925925,0.8804166666666667
dt,bor,7,0.7111111111111111,0.7110692409943499,0.7118066963209876,0.7111111111111111,0.7075
gb,bor,7,0.7592592592592593,0.7578969665108513,0.7584508006667894,0.7592592592592593,0.8433333333333334
ab,bor,7,0.8074074074074075,0.8063317922878465,0.8083213083213083,0.8074074074074075,0.8729166666666668
svc,bor,7,0.8296296296296296,0.8291950224504447,0.8303767225839456,0.8296296296296296,0.8919444444444444
ri,bor,7,0.825925925925926,0.8251945440531074,0.8266646074277018,0.825925925925926,0.8894444444444444
xgb,bor,7,0.7962962962962962,0.7946046285107571,0.7971799529634216,0.7962962962962962,0.8616666666666667
lr,bor,8,0.8222222222222222,0.8215756795952036,0.8227668465085524,0.8222222222222222,0.8916666666666666
nb,bor,8,0.825925925925926,0.8250150814026347,0.8275790396008997,0.825925925925926,0.8811111111111112
knn,bor,8,0.8333333333333334,0.8327063309935095,0.8336011765622565,0.8333333333333334,0.8924999999999998
rf,bor,8,0.7962962962962963,0.7945370892814417,0.7992199591912147,0.7962962962962963,0.8804166666666667
dt,bor,8,0.7222222222222222,0.7202712385865585,0.7231261234748655,0.7222222222222222,0.7166666666666668
gb,bor,8,0.7666666666666666,0.7649539605665343,0.7662381570844158,0.7666666666666666,0.8516666666666668
ab,bor,8,0.8185185185185183,0.8169177794440768,0.8205875279404691,0.8185185185185183,0.8686111111111112
svc,bor,8,0.8259259259259257,0.825046610356009,0.8275476564086208,0.8259259259259257,0.8930555555555555
ri,bor,8,0.825925925925926,0.8249398937633938,0.8276501986338811,0.825925925925926,0.8902777777777778
xgb,bor,8,0.7925925925925925,0.7915447430747846,0.7933460058460059,0.7925925925925925,0.8494444444444446
lr,bor,9,0.8333333333333334,0.8322278752146681,0.8350811334634864,0.8333333333333334,0.8949999999999999
nb,bor,9,0.8333333333333334,0.8328266096143417,0.8346214194490058,0.8333333333333334,0.8825
knn,bor,9,0.8407407407407407,0.839981023591505,0.8426011605996756,0.8407407407407407,0.8926388888888891
rf,bor,9,0.8148148148148149,0.8137056985981834,0.8161360137294466,0.8148148148148149,0.8818055555555556
dt,bor,9,0.7148148148148148,0.7143565315296756,0.7175592378034907,0.7148148148148148,0.7125000000000001
gb,bor,9,0.7740740740740741,0.7723380542967309,0.7738133201557218,0.7740740740740741,0.8394444444444445
ab,bor,9,0.8185185185185183,0.8167717167019573,0.8206919732206425,0.8185185185185183,0.8736111111111112
svc,bor,9,0.8407407407407407,0.8399951517670077,0.8418079605579605,0.8407407407407407,0.8972222222222221
ri,bor,9,0.825925925925926,0.8250392434777662,0.8266083453583454,0.825925925925926,0.893888888888889
xgb,bor,9,0.7814814814814814,0.780707183485508,0.7820991180914042,0.7814814814814814,0.8533333333333333
lr,bor,10,0.837037037037037,0.8361692033314287,0.8384770322270324,0.837037037037037,0.8961111111111112
nb,bor,10,0.8296296296296297,0.8291926698039018,0.8306432899839706,0.8296296296296297,0.883611111111111
knn,bor,10,0.825925925925926,0.8252433251734338,0.8304293599914498,0.825925925925926,0.8911111111111112
rf,bor,10,0.7962962962962962,0.7944378624509527,0.7987524050024051,0.7962962962962962,0.8818055555555556
dt,bor,10,0.7148148148148149,0.7139638283223048,0.7169434052761336,0.7148148148148149,0.7116666666666667
gb,bor,10,0.762962962962963,0.7616366874593191,0.7632668894622323,0.762962962962963,0.8452777777777778
ab,bor,10,0.8296296296296296,0.8281570874711169,0.8321209243014517,0.8296296296296296,0.8761111111111111
svc,bor,10,0.8444444444444444,0.8438252509993018,0.8454228259014375,0.8444444444444444,0.8916666666666666
ri,bor,10,0.837037037037037,0.8361402128770058,0.838389850889851,0.837037037037037,0.8947222222222223
xgb,bor,10,0.7888888888888888,0.7878857802553415,0.7887366622402483,0.7888888888888888,0.8474999999999999
lr,bor,11,0.8333333333333334,0.832776742584973,0.8337921642795416,0.8333333333333334,0.9075000000000001
nb,bor,11,0.8407407407407407,0.8405527717593098,0.8409880714579172,0.8407407407407407,0.8952777777777777
knn,bor,11,0.8074074074074075,0.8067497713410571,0.8111301953407217,0.8074074074074075,0.8793055555555556
rf,bor,11,0.8037037037037036,0.801972537045723,0.8045903060248,0.8037037037037036,0.8973611111111112
dt,bor,11,0.7296296296296296,0.7282801907118513,0.7313046187528945,0.7296296296296296,0.7258333333333334
gb,bor,11,0.7777777777777779,0.7768395512034003,0.7786785856092227,0.7777777777777779,0.8641666666666667
ab,bor,11,0.8444444444444444,0.8437310456270268,0.8462548811199024,0.8444444444444444,0.8930555555555555
svc,bor,11,0.8333333333333334,0.8327049618662894,0.833861594810052,0.8333333333333334,0.9025000000000001
ri,bor,11,0.8333333333333334,0.8327532720544852,0.8337285017071133,0.8333333333333334,0.9047222222222222
xgb,bor,11,0.7925925925925925,0.7922675885173917,0.7934670179801122,0.7925925925925925,0.8738888888888889
lr,bor,12,0.837037037037037,0.8366521059361016,0.8374299994430936,0.837037037037037,0.9063888888888888
nb,bor,12,0.8407407407407408,0.8403719142362828,0.8408530135388481,0.8407407407407408,0.9008333333333333
knn,bor,12,0.8037037037037038,0.8032100173317733,0.8058945550065644,0.8037037037037038,0.8676388888888888
rf,bor,12,0.825925925925926,0.8250011405554133,0.8262623184695415,0.825925925925926,0.8979166666666668
dt,bor,12,0.7333333333333334,0.7332101450891119,0.7354443428006647,0.7333333333333334,0.7316666666666667
gb,bor,12,0.7851851851851851,0.7836843457417488,0.7853754324629253,0.7851851851851851,0.8661111111111112
ab,bor,12,0.8444444444444444,0.8437310456270268,0.8462548811199024,0.8444444444444444,0.8938888888888888
svc,bor,12,0.8444444444444444,0.8439570810441552,0.8454154253983654,0.8444444444444444,0.9044444444444444
ri,bor,12,0.837037037037037,0.8363762873091038,0.8379101996388112,0.837037037037037,0.9033333333333333
xgb,bor,12,0.8,0.7990616195571782,0.8006794131794133,0.8,0.8761111111111111
