model,fs_method,k,accuracy
lr,nofs,60,0.654123112659698,0.6501680407777366,0.6668247736235295,0.654123112659698,0.713785105055128
nb,nofs,60,0.6234610917537747,0.6137795886877223,0.6495970020512554,0.6234610917537747,0.7298543790305804
knn,nofs,60,0.5425087108013937,0.5396170988181705,0.5439104725004018,0.5425087108013937,0.5926175369253172
rf,nofs,60,0.6876887340301974,0.6837694428357542,0.6955958503790848,0.6876887340301974,0.7559382151029748
dt,nofs,60,0.6357723577235772,0.632500545399014,0.6446596801460897,0.6357723577235772,0.6339203245267319
gb,nofs,60,0.6981416957026714,0.693098421862462,0.7235000077061292,0.6981416957026714,0.7788880798835033
ab,nofs,60,0.6780487804878048,0.676713560593311,0.6859862382711861,0.6780487804878048,0.713847514042022
svc,nofs,60,0.6254355400696864,0.6197643294921634,0.6396802850008425,0.6254355400696864,0.6792656542542126
ri,nofs,60,0.5821138211382114,0.5777243359162587,0.5973246302898895,0.5821138211382114,0.6234522571250259
xgb,nofs,60,0.721602787456446,0.7175595399729794,0.7379433756775748,0.721602787456446,0.8047711670480548
lr,chi,1,0.7457607433217189,0.7359769835472163,0.7764746703313008,0.7457607433217189,0.7727324734761806
nb,chi,1,0.6977932636469222,0.6888921786866526,0.7200695951519372,0.6977932636469222,0.7727324734761806
knn,chi,1,0.7167247386759582,0.7029078437454199,0.756097094676453,0.7167247386759582,0.7553026835864365
rf,chi,1,0.6636469221835075,0.659923807521652,0.6704691903331662,0.6636469221835075,0.73593509465363
dt,chi,1,0.6636469221835075,0.659923807521652,0.6704691903331662,0.6636469221835075,0.6648065321406282
gb,chi,1,0.7024390243902439,0.6968344827330706,0.723652738602216,0.7024390243902439,0.7307733513625962
ab,chi,1,0.7360046457607433,0.7257949168210168,0.7656434660585101,0.7360046457607433,0.75476128562513
svc,chi,1,0.7168408826945412,0.7090497929743368,0.7405803513817452,0.7168408826945412,0.7727324734761806
ri,chi,1,0.7456445993031359,0.7360482653772461,0.7773822809434838,0.7456445993031359,0.7727324734761806
xgb,chi,1,0.6925667828106852,0.6881295273688595,0.7007369029683265,0.6925667828106852,0.7415014562096942
lr,chi,2,0.7462253193960511,0.7414069466288129,0.7700952037495845,0.7462253193960511,0.7703931766174328
nb,chi,2,0.7511033681765389,0.7488971439038902,0.7638030004428857,0.7511033681765389,0.7712481797378823
knn,chi,2,0.7219512195121951,0.7139047279688232,0.744304427666797,0.7219512195121951,0.742767838568754
rf,chi,2,0.6977932636469222,0.6872865280283239,0.7232457715130501,0.6977932636469222,0.7248179737882254
dt,chi,2,0.6108013937282231,0.6024200721511233,0.6220743065999894,0.6108013937282231,0.6106729769086748
gb,chi,2,0.6738675958188154,0.6655754205033118,0.6974802595034777,0.6738675958188154,0.7338090285001039
ab,chi,2,0.7173054587688734,0.7068105341855309,0.7441412904578772,0.7173054587688734,0.7766325150821719
svc,chi,2,0.7509872241579558,0.7459585336975625,0.7748664918732755,0.7509872241579558,0.7701659038901602
ri,chi,2,0.721835075493612,0.7111381902877016,0.7559488112593138,0.721835075493612,0.7665415019762846
xgb,chi,2,0.6835075493612079,0.6752596246628421,0.710184483832416,0.6835075493612079,0.7157239442479717
lr,chi,3,0.7170731707317073,0.7142614147142756,0.7194983380294471,0.7170731707317073,0.788126690243395
nb,chi,3,0.6883855981416958,0.6878884133450214,0.6936310894635391,0.6883855981416958,0.7845818597878094
knn,chi,3,0.7264808362369337,0.7236482690765514,0.7303592276880178,0.7264808362369337,0.7791673600998543
rf,chi,3,0.7312427409988386,0.721737382826943,0.7629223109635186,0.7312427409988386,0.7684059704597462
dt,chi,3,0.6979094076655052,0.696909296665394,0.7061935940673386,0.6979094076655052,0.7008934886623674
gb,chi,3,0.7409988385598142,0.7366313580347076,0.7602597596551943,0.7409988385598142,0.7999864780528395
ab,chi,3,0.7219512195121951,0.7104476587333288,0.7528208294524527,0.7219512195121951,0.7620485749947992
svc,chi,3,0.7411149825783973,0.7382938466951584,0.7514995038199354,0.7411149825783973,0.7938048679009777
ri,chi,3,0.7120789779326364,0.7082319939528574,0.7174925120592842,0.7120789779326364,0.7805575202829207
xgb,chi,3,0.7074332171893147,0.7004256871459777,0.7350681345087495,0.7074332171893147,0.7578307676305387
lr,chi,4,0.7408826945412311,0.737765472246611,0.7480576414809864,0.7408826945412311,0.7851435406698564
nb,chi,4,0.6828106852497096,0.6815798608651699,0.6928163034979515,0.6828106852497096,0.7735427501560225
knn,chi,4,0.6442508710801393,0.639898012695663,0.6502790905852245,0.6442508710801393,0.7260536717287289
rf,chi,4,0.7023228803716608,0.6963453348819202,0.7120692473173358,0.7023228803716608,0.775773871437487
dt,chi,4,0.6356562137049943,0.6301095027192353,0.6431426666509964,0.6356562137049943,0.6350863324318702
gb,chi,4,0.7167247386759581,0.7139032663752845,0.7275835843917419,0.7167247386759581,0.7628604118993134
ab,chi,4,0.7361207897793264,0.7291357202306865,0.7533040688752124,0.7361207897793264,0.7662086540461825
svc,chi,4,0.7650406504065042,0.761558463825002,0.7722262716880042,0.7650406504065042,0.7921832743915124
ri,chi,4,0.7169570267131242,0.7123995768390727,0.7319076423996524,0.7169570267131242,0.786017266486374
xgb,chi,4,0.678397212543554,0.674958476806604,0.6911430390792965,0.678397212543554,0.7642562929061785
lr,chi,5,0.7264808362369337,0.7229501401049974,0.7333630316977668,0.7264808362369337,0.7756136883711254
nb,chi,5,0.6780487804878048,0.6750201302754373,0.6906989861661271,0.6780487804878048,0.7610557520282921
knn,chi,5,0.6832752613240418,0.6775630224513294,0.6919970483844228,0.6832752613240418,0.7425447264406074
rf,chi,5,0.7220673635307782,0.7169449159693062,0.7380155043526423,0.7220673635307782,0.761248699812773
dt,chi,5,0.6113821138211383,0.6070651160898413,0.6215177544855758,0.6113821138211383,0.6132140628250469
gb,chi,5,0.70267131242741,0.69903803885274,0.7149655688811241,0.70267131242741,0.7402288329519451
ab,chi,5,0.7265969802555168,0.719247694491597,0.7445131347229912,0.7265969802555168,0.7439203245267318
svc,chi,5,0.7507549361207897,0.7475832383774537,0.7594679178738412,0.7507549361207897,0.7816985645933014
ri,chi,5,0.7120789779326364,0.7073518785203351,0.7289726830500589,0.7120789779326364,0.7664728520907012
xgb,chi,5,0.6739837398373985,0.6691197093261431,0.6872441102803161,0.6739837398373985,0.7300847722071978
lr,chi,6,0.745876887340302,0.7442668674064453,0.7526737986345712,0.745876887340302,0.7679727480757229
nb,chi,6,0.6442508710801393,0.6382623951727998,0.6629260802431535,0.6442508710801393,0.760643852714791
knn,chi,6,0.7069686411149825,0.7013995000420818,0.7186565803134348,0.7069686411149825,0.7723595797794882
rf,chi,6,0.7075493612078978,0.699503475033821,0.7352965639038604,0.7075493612078978,0.7508097566049512
dt,chi,6,0.5775842044134728,0.5757078147511524,0.5806483914806457,0.5775842044134728,0.5776752652381942
gb,chi,6,0.6880371660859466,0.684466265460214,0.6955123923968289,0.6880371660859466,0.7508165175785313
ab,chi,6,0.7265969802555168,0.7185645323378466,0.7470379908192759,0.7265969802555168,0.7400218431454129
svc,chi,6,0.745993031358885,0.7422926857927835,0.7562352720303579,0.745993031358885,0.7754514250052008
ri,chi,6,0.7168408826945412,0.7110318586709035,0.7352228025496714,0.7168408826945412,0.7606448928645724
xgb,chi,6,0.6736353077816493,0.6709314750290359,0.6794751855029804,0.6736353077816493,0.7286145204909505
lr,chi,7,0.7408826945412311,0.7384161391013347,0.7513167243132399,0.7408826945412311,0.7725130018722695
nb,chi,7,0.654006968641115,0.6485647005715318,0.6769207108317582,0.654006968641115,0.7569835656334513
knn,chi,7,0.7216027874564459,0.7139458086757738,0.7413139578442428,0.7216027874564459,0.7612466195132098
rf,chi,7,0.7025551684088269,0.6947929375328272,0.7294236654011198,0.7025551684088269,0.7728026835864364
dt,chi,7,0.6256678281068525,0.6147638740321668,0.6519144537114407,0.6256678281068525,0.6261337632619097
gb,chi,7,0.7074332171893147,0.7027670728052241,0.7190958160897157,0.7074332171893147,0.7475473268150614
ab,chi,7,0.702787456445993,0.6920667585892617,0.7316004119623123,0.702787456445993,0.7355377574370708
svc,chi,7,0.721718931475029,0.7182259321019158,0.7365271513233186,0.721718931475029,0.7717734553775744
ri,chi,7,0.7169570267131242,0.7115364880848699,0.7333318982204601,0.7169570267131242,0.7611140004160599
xgb,chi,7,0.683623693379791,0.6801168919943735,0.6965585739957048,0.683623693379791,0.7251596629914708
lr,chi,8,0.7838559814169571,0.7791590157524746,0.8134884298639117,0.7838559814169571,0.8279040981901392
nb,chi,8,0.6779326364692217,0.6725431025581411,0.6948890392809335,0.6779326364692217,0.7869471603910962
knn,chi,8,0.7312427409988386,0.7241965277367595,0.762588056902978,0.7312427409988386,0.7715201789057623
rf,chi,8,0.7454123112659697,0.7373678255467034,0.7749875919818531,0.7454123112659697,0.8316788017474515
dt,chi,8,0.7023228803716608,0.6923684372857445,0.7344017334988667,0.7023228803716608,0.7002236322030372
gb,chi,8,0.721602787456446,0.713406700399825,0.7523488799313763,0.721602787456446,0.8116746411483253
ab,chi,8,0.7502903600464575,0.741741982572718,0.7833258519470858,0.7502903600464575,0.7954696276263781
svc,chi,8,0.7695702671312427,0.7640002659585867,0.797777960746167,0.7695702671312427,0.8234293738298316
ri,chi,8,0.7645760743321718,0.7589757160714067,0.7950527927357195,0.7645760743321718,0.8104867900977741
xgb,chi,8,0.6976771196283391,0.6908788008788008,0.7276769433531168,0.6976771196283391,0.7813324318701893
lr,chi,9,0.78397212543554,0.77959348098387,0.8099506935686429,0.78397212543554,0.8232213438735178
nb,chi,9,0.66794425087108,0.661870158478612,0.6889541215592818,0.66794425087108,0.7760838360723945
knn,chi,9,0.7167247386759581,0.7085965576557911,0.7411441876578175,0.7167247386759581,0.7815924693155815
rf,chi,9,0.7357723577235773,0.7256542918796216,0.7731362031033063,0.7357723577235773,0.8128260869565217
dt,chi,9,0.6691056910569106,0.6596982272940484,0.6964365459102301,0.6691056910569106,0.66521219055544
gb,chi,9,0.745876887340302,0.7377712432671943,0.7747353496707872,0.745876887340302,0.8247160391096318
ab,chi,9,0.7360046457607433,0.7276237198830267,0.7673727309939649,0.7360046457607433,0.780785833159975
svc,chi,9,0.7695702671312427,0.7640002659585867,0.797777960746167,0.7695702671312427,0.8210162263365923
ri,chi,9,0.7502903600464575,0.7444370730888279,0.7805398764580973,0.7502903600464575,0.799431038069482
xgb,chi,9,0.7169570267131242,0.707433396965952,0.7480656620825176,0.7169570267131242,0.8035937174953192
lr,chi,10,0.7693379790940768,0.7628575954799199,0.7968952902403404,0.7693379790940768,0.8170875806116081
nb,chi,10,0.672706155632985,0.667355151803612,0.6944864968613917,0.672706155632985,0.7707894736842105
knn,chi,10,0.7219512195121951,0.7151012161573037,0.7510752042271189,0.7219512195121951,0.764419076346994
rf,chi,10,0.7455284552845528,0.737498919156978,0.7784181577863677,0.7455284552845528,0.7906937799043063
dt,chi,10,0.6885017421602788,0.6812650763870276,0.7115284395938326,0.6885017421602788,0.6842365300603286
gb,chi,10,0.7409988385598142,0.7323185038467861,0.7706991869918699,0.7409988385598142,0.7939941751612232
ab,chi,10,0.7313588850174216,0.7250451179197925,0.758340598037304,0.7313588850174216,0.7644221967963387
svc,chi,10,0.759814169570267,0.7534053504856224,0.7841261992285519,0.759814169570267,0.817239442479717
ri,chi,10,0.7310104529616724,0.7243348866678666,0.7558707989231662,0.7310104529616724,0.7895506552943623
xgb,chi,10,0.7315911730545877,0.7240111469379762,0.7563438718675448,0.7315911730545877,0.7920074890784272
lr,chi,11,0.7405342624854819,0.7332670646556316,0.7718414023937697,0.7405342624854819,0.8120938215102974
nb,chi,11,0.648780487804878,0.6422130376930262,0.6751184051756587,0.648780487804878,0.769303099646349
knn,chi,11,0.7124274099883856,0.7051502321653553,0.7494549943435762,0.7124274099883856,0.761933638443936
rf,chi,11,0.7167247386759582,0.7059223219748395,0.756665239092649,0.7167247386759582,0.7740701060952777
dt,chi,11,0.6786295005807201,0.6674786021756496,0.7101407583644426,0.6786295005807201,0.6761992926981486
gb,chi,11,0.7263646922183508,0.7170647625250168,0.7623491911669816,0.7263646922183508,0.7957145828999376
ab,chi,11,0.7264808362369338,0.7184949923452768,0.756236341700623,0.7264808362369338,0.7571151445808196
svc,chi,11,0.7645760743321718,0.757863146220014,0.7939030232480735,0.7645760743321718,0.8151071354275017
ri,chi,11,0.7405342624854819,0.7349647297142856,0.7643012915438148,0.7405342624854819,0.7866673600998544
xgb,chi,11,0.7167247386759581,0.7067402360459051,0.7537714753107955,0.7167247386759581,0.78789785729145
lr,chi,12,0.7405342624854819,0.7332670646556316,0.7718414023937697,0.7405342624854819,0.8107780320366134
nb,chi,12,0.6584204413472705,0.651425700308686,0.6827899938049152,0.6584204413472705,0.7699043062200956
knn,chi,12,0.7123112659698025,0.7069759537513367,0.7421739764207811,0.7123112659698025,0.7749162679425836
rf,chi,12,0.7313588850174215,0.7236071089246889,0.7612734932897085,0.7313588850174215,0.79029176201373
dt,chi,12,0.6831591173054588,0.6731603639317763,0.7051327385238022,0.6831591173054588,0.6805471187851051
gb,chi,12,0.7024390243902439,0.6922682307760823,0.7382810250061187,0.7024390243902439,0.7981079675473268
ab,chi,12,0.7312427409988386,0.7222340002759644,0.7626535133923943,0.7312427409988386,0.764387871853547
svc,chi,12,0.7645760743321718,0.757863146220014,0.7939030232480735,0.7645760743321718,0.8136956521739129
ri,chi,12,0.7405342624854819,0.7349647297142856,0.7643012915438148,0.7405342624854819,0.7825015602246723
xgb,chi,12,0.7409988385598142,0.7344585290132652,0.7656672457452032,0.7409988385598142,0.8045964218847514
lr,chi,13,0.759814169570267,0.7534390483096514,0.796010210046078,0.759814169570267,0.8098387767838569
nb,chi,13,0.6585365853658536,0.6519771246831392,0.6818148066133676,0.6585365853658536,0.7851456209694196
knn,chi,13,0.6642276422764228,0.6549178564611816,0.7076152223992265,0.6642276422764228,0.7395074890784273
rf,chi,13,0.7313588850174216,0.7237475621564637,0.7599227892191613,0.7313588850174216,0.7807385063449136
dt,chi,13,0.6739837398373983,0.6647400499896117,0.6945616311902543,0.6739837398373983,0.6717848970251715
gb,chi,13,0.7311265969802555,0.7223329116757526,0.7694690322790813,0.7311265969802555,0.7915612648221344
ab,chi,13,0.7360046457607433,0.7277447100040169,0.7660756149593337,0.7360046457607433,0.741366756812981
svc,chi,13,0.7548199767711962,0.7474795198124997,0.788685317737685,0.7548199767711962,0.8087195756188891
ri,chi,13,0.7452961672473867,0.7398833943534819,0.7684158262465848,0.7452961672473867,0.7806833784064906
xgb,chi,13,0.7121951219512195,0.7056233997697412,0.742947981386336,0.7121951219512195,0.7905876846265862
lr,chi,14,0.7500580720092914,0.7425167701763445,0.7855637504532771,0.7500580720092914,0.8131318909923028
nb,chi,14,0.672706155632985,0.66692601071911,0.6968442159708711,0.672706155632985,0.7782494279176201
knn,chi,14,0.6880371660859466,0.6791872541083445,0.728209055419196,0.6880371660859466,0.763652485957978
rf,chi,14,0.7169570267131242,0.7075527124590781,0.7512412306752724,0.7169570267131242,0.7919284376950281
dt,chi,14,0.6351916376306621,0.6219514576373687,0.6689584359906148,0.6351916376306621,0.6368577075098815
gb,chi,14,0.6976771196283391,0.6869618553148447,0.734736462632493,0.6976771196283391,0.8066860827959227
ab,chi,14,0.721718931475029,0.7145114796532445,0.7521779130664148,0.721718931475029,0.7625650093613481
svc,chi,14,0.759698025551684,0.7527259539454662,0.7911938300022949,0.759698025551684,0.8167131266902434
ri,chi,14,0.7405342624854819,0.733667712111648,0.7712018183425228,0.7405342624854819,0.7899812773039318
xgb,chi,14,0.7168408826945412,0.7084873726825504,0.7489238805799576,0.7168408826945412,0.8171541501976284
lr,chi,15,0.7501742160278745,0.7427596415850587,0.7848427536117638,0.7501742160278745,0.8209434158518827
nb,chi,15,0.6823461091753775,0.6769852231606255,0.7061388733512275,0.6823461091753775,0.7816111920116496
knn,chi,15,0.6883855981416958,0.6809589600754393,0.7220399487097515,0.6883855981416958,0.7759252132307052
rf,chi,15,0.7024390243902439,0.6930693056468824,0.7384785168070678,0.7024390243902439,0.8067193675889326
dt,chi,15,0.6737514518002323,0.6637285949254186,0.7025327005970842,0.6737514518002323,0.6736686082795922
gb,chi,15,0.6926829268292682,0.6809133057170983,0.7360091852459141,0.6926829268292682,0.8159018098606199
ab,chi,15,0.7025551684088269,0.6936569547743293,0.7352272333118818,0.7025551684088269,0.7498762221759934
svc,chi,15,0.740650406504065,0.7338057590779619,0.7683537332798451,0.740650406504065,0.8135406698564592
ri,chi,15,0.740650406504065,0.73501623249149,0.7702091088676454,0.740650406504065,0.7909714998959849
xgb,chi,15,0.7119628339140534,0.7029638141992332,0.7463017780025382,0.7119628339140534,0.8173372165591845
lr,chi,16,0.7452961672473867,0.7380892165331524,0.7765301719061704,0.7452961672473867,0.8175421260661535
nb,chi,16,0.6678281068524972,0.6618947559383255,0.6881145093498445,0.6678281068524972,0.781436446848346
knn,chi,16,0.7076655052264809,0.7022087172473774,0.7342908443717173,0.7076655052264809,0.7811774495527356
rf,chi,16,0.7167247386759581,0.7068358028097068,0.7508703285358338,0.7167247386759581,0.8097555648013314
dt,chi,16,0.6590011614401858,0.6506536769021533,0.6842247266398828,0.6590011614401858,0.6602298731017266
gb,chi,16,0.7167247386759581,0.7061609895139788,0.7523404276866051,0.7167247386759581,0.8070553359683794
ab,chi,16,0.7263646922183506,0.7168237879411625,0.76115424281032,0.7263646922183506,0.7728489702517163
svc,chi,16,0.7213704994192799,0.7144308937958543,0.7450303688818753,0.7213704994192799,0.8087793842313294
ri,chi,16,0.7358885017421603,0.7300813908578394,0.7631372700311008,0.7358885017421603,0.7922623257749116
xgb,chi,16,0.7121951219512195,0.7034204095242763,0.7429895130028139,0.7121951219512195,0.8030965258997297
lr,chi,17,0.7501742160278745,0.7427629464666914,0.7847408591412478,0.7501742160278745,0.8207478676929478
nb,chi,17,0.6725900116144019,0.665862145418813,0.6935517037218948,0.6725900116144019,0.7797254004576658
knn,chi,17,0.6883855981416958,0.6811777773649352,0.7205005181227019,0.6883855981416958,0.7759241730809237
rf,chi,17,0.7023228803716608,0.6930349840969433,0.738877883861487,0.7023228803716608,0.8232203037237362
dt,chi,17,0.6735191637630662,0.6622359002578724,0.7133548023886677,0.6735191637630662,0.6732140628250468
gb,chi,17,0.7069686411149825,0.6956801154011186,0.7482423266904087,0.7069686411149825,0.8093363844393593
ab,chi,17,0.7407665505226481,0.7337523078986493,0.7718258577143594,0.7407665505226481,0.7845204909506969
svc,chi,17,0.7357723577235772,0.7288055952118017,0.7637108591087641,0.7357723577235772,0.8132265446224256
ri,chi,17,0.7407665505226481,0.7350225934922033,0.7719921932792391,0.7407665505226481,0.7894872061576867
xgb,chi,17,0.7167247386759581,0.706535841300672,0.7555608042675065,0.7167247386759581,0.8271884751404202
lr,chi,18,0.7545876887340304,0.7521825747539292,0.7683896709402961,0.7545876887340304,0.825029124193884
nb,chi,18,0.6725900116144019,0.6666973607409303,0.692756549232159,0.6725900116144019,0.7836623673809029
knn,chi,18,0.6785133565621371,0.6749888061567232,0.693408836031764,0.6785133565621371,0.7252054295818597
rf,chi,18,0.7217189314750291,0.7155065935411515,0.75410384750106,0.7217189314750291,0.8196125442063658
dt,chi,18,0.6732868757259002,0.6661048937934324,0.6968525696006181,0.6732868757259002,0.6731412523403371
gb,chi,18,0.7164924506387921,0.7098770572084067,0.745938410527317,0.7164924506387921,0.8078552111504058
ab,chi,18,0.721486643437863,0.7164103463440068,0.7457623786585108,0.721486643437863,0.7803120449344705
svc,chi,18,0.7595818815331009,0.7575386705677032,0.7712061370166856,0.7595818815331009,0.8199578739338464
ri,chi,18,0.7310104529616724,0.7288334756094726,0.7414088320061538,0.7310104529616724,0.7806188891200333
xgb,chi,18,0.735423925667828,0.7278334540195582,0.7653048142467854,0.735423925667828,0.8476388599958394
lr,chi,19,0.7305458768873403,0.7280850307019515,0.7456271785876213,0.7305458768873403,0.8196785937174953
nb,chi,19,0.6677119628339141,0.6618550164139163,0.6898341447064547,0.6677119628339141,0.7872727272727272
knn,chi,19,0.6544715447154472,0.6537703959323298,0.6590144587414966,0.6544715447154472,0.701292386103599
rf,chi,19,0.7264808362369337,0.7206827474144191,0.7591805246504348,0.7264808362369337,0.8183300395256918
dt,chi,19,0.6203252032520326,0.6078912420929705,0.6510404903265138,0.6203252032520326,0.6215217391304348
gb,chi,19,0.7308943089430894,0.7246813791737805,0.7581717350029716,0.7308943089430894,0.8177355939255253
ab,chi,19,0.7261324041811847,0.7219450051511398,0.7435650546607754,0.7261324041811847,0.7943145412939463
svc,chi,19,0.7212543554006969,0.7184988623176871,0.7338620384539453,0.7212543554006969,0.7969794050343249
ri,chi,19,0.6779326364692217,0.6749755187545998,0.6918510674369116,0.6779326364692217,0.775470147701269
xgb,chi,19,0.7308943089430894,0.7252144583922664,0.760290182781472,0.7308943089430894,0.8468421052631581
lr,chi,20,0.7305458768873403,0.7280850307019515,0.7456271785876213,0.7305458768873403,0.8205731225296443
nb,chi,20,0.6630662020905922,0.6580005269330872,0.6880478994808262,0.6630662020905922,0.7899729561056792
knn,chi,20,0.6544715447154472,0.6535381645605663,0.6608435737227674,0.6544715447154472,0.7056256500936134
rf,chi,20,0.7310104529616724,0.7254048181679148,0.7588235054942933,0.7310104529616724,0.8137258165175785
dt,chi,20,0.6347270615563299,0.6176850689599895,0.668565713548292,0.6347270615563299,0.6341699604743083
gb,chi,20,0.7214866434378628,0.7142556552818069,0.7517647213601858,0.7214866434378628,0.8203619721239856
ab,chi,20,0.7166085946573751,0.7123042477471591,0.7324727421110346,0.7166085946573751,0.796564385271479
svc,chi,20,0.7020905923344949,0.69909871636807,0.711554335899147,0.7020905923344949,0.7975202829207406
ri,chi,20,0.6828106852497096,0.6790919829203503,0.692461160824555,0.6828106852497096,0.7754254212606615
xgb,chi,20,0.7547038327526131,0.7473934825897363,0.788560026887553,0.7547038327526131,0.8514000416059911
lr,chi,21,0.7305458768873403,0.7280850307019515,0.7456271785876213,0.7305458768873403,0.817268566673601
nb,chi,21,0.6630662020905922,0.6580005269330872,0.6880478994808262,0.6630662020905922,0.7838246307468275
knn,chi,21,0.659233449477352,0.658218440887251,0.6636563173230344,0.659233449477352,0.7146265862284169
rf,chi,21,0.7312427409988386,0.7254796959351942,0.7625038233560865,0.7312427409988386,0.8130226752652382
dt,chi,21,0.6641114982578398,0.6497000855755448,0.7098902341467522,0.6641114982578398,0.6647160391096317
gb,chi,21,0.7263646922183508,0.7209104222503843,0.7521972288372625,0.7263646922183508,0.8286093197420428
ab,chi,21,0.721486643437863,0.7166794425142871,0.7391414728756442,0.721486643437863,0.794317661743291
svc,chi,21,0.7117305458768874,0.708926231240962,0.7204327340722598,0.7117305458768874,0.7975473268150614
ri,chi,21,0.6828106852497096,0.6792817767271655,0.6917624368905368,0.6828106852497096,0.776337632619097
xgb,chi,21,0.7310104529616724,0.7245975996004502,0.7639193022858825,0.7310104529616724,0.8500967339296859
lr,chi,22,0.7354239256678281,0.7332264367479162,0.7490422909740393,0.7354239256678281,0.814917828167256
nb,chi,22,0.6531939605110337,0.6475746146634744,0.679569545487906,0.6531939605110337,0.7790545038485541
knn,chi,22,0.6638792102206736,0.6619277422720751,0.6712319765707576,0.6638792102206736,0.7108544830455586
rf,chi,22,0.7310104529616724,0.7235677345379056,0.7693191899481107,0.7310104529616724,0.8239525691699605
dt,chi,22,0.6306620209059234,0.6172467276222089,0.6647225292229496,0.6306620209059234,0.6315342209278136
gb,chi,22,0.7262485481997677,0.7203042347205636,0.7521640138696449,0.7262485481997677,0.8208633243187018
ab,chi,22,0.7212543554006968,0.7168306329843557,0.7351741357952468,0.7212543554006968,0.7928344081547742
svc,chi,22,0.7069686411149825,0.7045782744213248,0.714504204308365,0.7069686411149825,0.7973595797794882
ri,chi,22,0.6876887340301974,0.6843287018194677,0.6953182211696072,0.6876887340301974,0.7698783024755564
xgb,chi,22,0.7310104529616724,0.7264130740842415,0.7556085235675982,0.7310104529616724,0.8458029956313708
lr,chi,23,0.7306620209059234,0.7282215426036313,0.7447987566889606,0.7306620209059234,0.8100052007489079
nb,chi,23,0.6340301974448315,0.6267883740466847,0.6583901174208154,0.6340301974448315,0.77779176201373
knn,chi,23,0.6494773519163763,0.6486228103369677,0.6550833164012093,0.6494773519163763,0.70675733305596
rf,chi,23,0.7262485481997677,0.7190734174163154,0.7617108369000716,0.7262485481997677,0.8113865196588309
dt,chi,23,0.6543554006968642,0.6446772471590787,0.6765438171655294,0.6543554006968642,0.6547753276471812
gb,chi,23,0.721486643437863,0.7177814325524885,0.7404910766895628,0.721486643437863,0.8072425629290618
ab,chi,23,0.7213704994192799,0.7175360547556769,0.7361512505514478,0.7213704994192799,0.7884886623673809
svc,chi,23,0.7164924506387922,0.7139036712467217,0.7245307072172208,0.7164924506387922,0.7955772831287705
ri,chi,23,0.6782810685249709,0.6761609497001297,0.6831407746646347,0.6782810685249709,0.7640243395048887
xgb,chi,23,0.7357723577235772,0.7316500382610781,0.7533013986916426,0.7357723577235772,0.8450072810484709
lr,chi,24,0.7162601626016261,0.7142600201055234,0.7303731150996984,0.7162601626016261,0.807630538797587
nb,chi,24,0.6530778164924507,0.6438538752787765,0.6744154663048838,0.6530778164924507,0.7864998959850218
knn,chi,24,0.6494773519163763,0.6490216949414463,0.6521945832222795,0.6494773519163763,0.7061207613896401
rf,chi,24,0.7117305458768873,0.7038198362833775,0.7451056707623851,0.7117305458768873,0.8119705637611816
dt,chi,24,0.659233449477352,0.6429034320835593,0.7048308249875681,0.659233449477352,0.6592490118577075
gb,chi,24,0.7023228803716608,0.6948637754663579,0.7273874167515283,0.7023228803716608,0.8175972540045766
ab,chi,24,0.7262485481997677,0.7237508280957969,0.7414708514349279,0.7262485481997677,0.8016892032452672
svc,chi,24,0.7118466898954704,0.7096875305252823,0.7253949709965287,0.7118466898954704,0.7833139172040774
ri,chi,24,0.6782810685249709,0.6746548334827394,0.6886884798429513,0.6782810685249709,0.7593207821926358
xgb,chi,24,0.7405342624854819,0.7355503924225971,0.7658983041319785,0.7405342624854819,0.8470979821094238
lr,chi,25,0.7017421602787457,0.7007344493808317,0.7109535561945892,0.7017421602787457,0.797801123361764
nb,chi,25,0.6483159117305459,0.6392680895387083,0.667840302906191,0.6483159117305459,0.7853817349698357
knn,chi,25,0.6448315911730547,0.6451140305252615,0.6480596989252775,0.6448315911730547,0.7028895360931975
rf,chi,25,0.7070847851335655,0.6971922773848962,0.7473643973480005,0.7070847851335655,0.8012232161431246
dt,chi,25,0.6398373983739838,0.6312599504960664,0.6589559322819303,0.6398373983739838,0.6397035573122529
gb,chi,25,0.7023228803716608,0.6977016629627821,0.7218029985998267,0.7023228803716608,0.8024568337840648
ab,chi,25,0.7311265969802555,0.7283184714478965,0.74703964443055,0.7311265969802555,0.8018743499063865
svc,chi,25,0.6926829268292682,0.691047491706084,0.70393303174945,0.6926829268292682,0.7709995839400875
ri,chi,25,0.654123112659698,0.6523147757522672,0.662116267556766,0.654123112659698,0.7491626794258373
xgb,chi,25,0.7213704994192799,0.7158087445850123,0.7393157250136702,0.7213704994192799,0.8328895360931974
lr,chi,26,0.7113821138211383,0.7105701945764846,0.7201290371778175,0.7113821138211383,0.7924183482421469
nb,chi,26,0.6627177700348432,0.654846373139056,0.6865185153773685,0.6627177700348432,0.780190347410027
knn,chi,26,0.6641114982578398,0.6643932358056011,0.6678775362013946,0.6641114982578398,0.7007026211774494
rf,chi,26,0.7069686411149825,0.7006286586277526,0.7310098957050177,0.7069686411149825,0.7854165799875182
dt,chi,26,0.6543554006968642,0.648562529018445,0.668706200712171,0.6543554006968642,0.6550322446432287
gb,chi,26,0.6785133565621371,0.6735874969024012,0.6952984567997184,0.6785133565621371,0.7851768254628667
ab,chi,26,0.7120789779326364,0.7075992299051256,0.7292391909158108,0.7120789779326364,0.7868525067609735
svc,chi,26,0.6830429732868757,0.6817439097926903,0.6943197191321807,0.6830429732868757,0.7628364884543374
ri,chi,26,0.6732868757259001,0.6717943196259618,0.682905106540727,0.6732868757259001,0.7474557936342834
xgb,chi,26,0.740650406504065,0.7347297064681599,0.7674295202645274,0.740650406504065,0.8324141876430206
lr,chi,27,0.716260162601626,0.7152941296213439,0.7278344780783804,0.716260162601626,0.7937819846057832
nb,chi,27,0.6530778164924507,0.646487414423547,0.6760048525284164,0.6530778164924507,0.7843083003952568
knn,chi,27,0.6348432055749129,0.6343150510281894,0.6429756689976353,0.6348432055749129,0.6977615976700645
rf,chi,27,0.6926829268292682,0.6863931462085547,0.7223612275617273,0.6926829268292682,0.787121385479509
dt,chi,27,0.6495934959349594,0.6426276563128817,0.6689654202387663,0.6495934959349594,0.6518566673601
gb,chi,27,0.6833914053426249,0.6797030698028432,0.6984909089595718,0.6833914053426249,0.7757093821510297
ab,chi,27,0.697560975609756,0.6933438057501318,0.7116235834600015,0.697560975609756,0.7830486790097775
svc,chi,27,0.6927990708478513,0.690957551250569,0.7046741635833998,0.6927990708478513,0.7633836072394425
ri,chi,27,0.6684088269454123,0.6670703845811026,0.6751996656401642,0.6684088269454123,0.7470012481797379
xgb,chi,27,0.7262485481997677,0.72193690034093,0.746670375255199,0.7262485481997677,0.8285770750988142
lr,chi,28,0.7113821138211383,0.7100476954883774,0.7253259658137706,0.7113821138211383,0.7914822134387351
nb,chi,28,0.6578397212543554,0.6483530441001234,0.6795490732691544,0.6578397212543554,0.7801154566257542
knn,chi,28,0.6492450638792102,0.6481161114577476,0.6623685406517354,0.6492450638792102,0.7082015810276681
rf,chi,28,0.7025551684088269,0.6967745252233968,0.7279778433388684,0.7025551684088269,0.7737356979405033
dt,chi,28,0.6353077816492451,0.6251655959747782,0.6660140880669052,0.6353077816492451,0.6383586436446849
gb,chi,28,0.7120789779326364,0.7068637420414204,0.7366242716400073,0.7120789779326364,0.7842833368004992
ab,chi,28,0.697560975609756,0.6933438057501318,0.7116235834600015,0.697560975609756,0.7830486790097775
svc,chi,28,0.6927990708478513,0.6913701372237957,0.7035042107537832,0.6927990708478513,0.7624474724360308
ri,chi,28,0.6732868757259001,0.6717943196259618,0.682905106540727,0.6732868757259001,0.7456490534636988
xgb,chi,28,0.7024390243902439,0.6975446259486556,0.7243413503518032,0.7024390243902439,0.8211805700020804
lr,chi,29,0.7113821138211383,0.7100476954883774,0.7253259658137706,0.7113821138211383,0.7905731225296442
nb,chi,29,0.6385598141695703,0.6265268262185855,0.6596805522713922,0.6385598141695703,0.7772477636779695
knn,chi,29,0.6396051103368177,0.6387925801425518,0.6500017127448379,0.6396051103368177,0.6966028708133971
rf,chi,29,0.6881533101045296,0.6806515034139752,0.7202937460440364,0.6881533101045296,0.7975052007489077
dt,chi,29,0.6400696864111499,0.6268649930974788,0.6719670176391247,0.6400696864111499,0.6433461618473061
gb,chi,29,0.7120789779326364,0.708346934467807,0.7304576072910217,0.7120789779326364,0.7807821926357396
ab,chi,29,0.6927990708478513,0.6886714410777671,0.7072079990444171,0.6927990708478513,0.7784720199708758
svc,chi,29,0.697560975609756,0.6960425018961603,0.7079197951693675,0.697560975609756,0.7652974828375287
ri,chi,29,0.6780487804878048,0.6766457644774067,0.6880133316489522,0.6780487804878048,0.7488641564385271
xgb,chi,29,0.697560975609756,0.6929919600734655,0.7175794274096233,0.697560975609756,0.8297451633035156
lr,chi,30,0.7018583042973288,0.7005401659808479,0.7158238013116061,0.7018583042973288,0.7947774079467442
nb,chi,30,0.6386759581881531,0.6273534935108436,0.6572633051519359,0.6386759581881531,0.7716704805491991
knn,chi,30,0.6396051103368177,0.6393256582706385,0.6455674960691088,0.6396051103368177,0.6961166007905139
rf,chi,30,0.6931475029036005,0.6858278249741664,0.7264279618038586,0.6931475029036005,0.790771271063033
dt,chi,30,0.6448315911730547,0.63494970874317,0.6670227593896703,0.6448315911730547,0.6456188891200333
gb,chi,30,0.6976771196283391,0.6926233927227708,0.7173698133611588,0.6976771196283391,0.7800176825462867
ab,chi,30,0.6927990708478513,0.6886714410777671,0.7072079990444171,0.6927990708478513,0.7784720199708758
svc,chi,30,0.697444831591173,0.6952976563223813,0.7082125884973739,0.697444831591173,0.7769325982941544
ri,chi,30,0.6828106852497096,0.6820247259074875,0.6894086265589069,0.6828106852497096,0.7558643644684835
xgb,chi,30,0.7119628339140534,0.7074357512015832,0.7335698070904647,0.7119628339140534,0.825561680882047
lr,chi,31,0.6778164924506387,0.6759343646478769,0.6924542184192564,0.6778164924506387,0.7737715831079676
nb,chi,31,0.6386759581881531,0.6273534935108436,0.6572633051519359,0.6386759581881531,0.7673465779072186
knn,chi,31,0.654006968641115,0.6523901607129275,0.6585372177558863,0.654006968641115,0.6879571458289995
rf,chi,31,0.7166085946573751,0.7118975103020674,0.7388736591309567,0.7166085946573751,0.7843254628666527
dt,chi,31,0.6498257839721255,0.64301540410325,0.6758803111019482,0.6498257839721255,0.651145204909507
gb,chi,31,0.6880371660859466,0.6838651497774119,0.7036955914133615,0.6880371660859466,0.7718140212190555
ab,chi,31,0.6927990708478513,0.6875382512164567,0.70840517585135,0.6927990708478513,0.7564624505928854
svc,chi,31,0.6781649245063879,0.676495844259207,0.6896518260349029,0.6781649245063879,0.7558061160807157
ri,chi,31,0.6537746806039488,0.6516251041807776,0.6628885027108044,0.6537746806039488,0.7279415435822758
xgb,chi,31,0.7213704994192799,0.715007849195706,0.7463475190785089,0.7213704994192799,0.8150592885375494
lr,chi,32,0.6780487804878048,0.6766558476705264,0.689926609338374,0.6780487804878048,0.7687258165175785
nb,chi,32,0.6386759581881531,0.6273534935108436,0.6572633051519359,0.6386759581881531,0.7673434574578739
knn,chi,32,0.6538908246225319,0.6528536632117328,0.6585629598605084,0.6538908246225319,0.6908721655918452
rf,chi,32,0.6925667828106853,0.6858731882270097,0.7203966395567601,0.6925667828106853,0.777625338048679
dt,chi,32,0.6594657375145179,0.6504908466359842,0.6915649613519448,0.6594657375145179,0.6627127106303308
gb,chi,32,0.6878048780487804,0.6828190729157408,0.7005663622888464,0.6878048780487804,0.7647482837528604
ab,chi,32,0.6781649245063879,0.6743015768892272,0.6917749158674315,0.6781649245063879,0.7540701060952777
svc,chi,32,0.6876887340301974,0.685053384731641,0.7007152143531932,0.6876887340301974,0.7544726440607448
ri,chi,32,0.6490127758420441,0.6467185233474233,0.6583584577917433,0.6490127758420441,0.7265175785313085
xgb,chi,32,0.7263646922183508,0.721920863559461,0.7422595156119951,0.7263646922183508,0.8222113584356145
lr,chi,33,0.6779326364692217,0.6756811162491729,0.6909744869015049,0.6779326364692217,0.7607655502392344
nb,chi,33,0.6337979094076653,0.6238506944974701,0.6545809196177153,0.6337979094076653,0.7577678385687538
knn,chi,33,0.6396051103368177,0.6388216568784744,0.6447402680941154,0.6396051103368177,0.6804945912211359
rf,chi,33,0.7118466898954703,0.7069909928191266,0.7283636572353991,0.7118466898954703,0.7893109007697108
dt,chi,33,0.635191637630662,0.6298169035182061,0.6483954471945326,0.635191637630662,0.6368504264614104
gb,chi,33,0.6781649245063879,0.6721633714600005,0.6933362526911069,0.6781649245063879,0.7606667360099854
ab,chi,33,0.6779326364692217,0.6749359048139535,0.6958842277081937,0.6779326364692217,0.7489920948616601
svc,chi,33,0.6876887340301974,0.6843214189726535,0.702223969563049,0.6876887340301974,0.7522623257749116
ri,chi,33,0.6636469221835075,0.6614354271896913,0.6719722620755619,0.6636469221835075,0.7214250052007489
xgb,chi,33,0.7069686411149825,0.702174425535142,0.7218750137047768,0.7069686411149825,0.817411067193676
lr,chi,34,0.673170731707317,0.6710250315930882,0.6865805475075655,0.673170731707317,0.7607655502392344
nb,chi,34,0.6289198606271775,0.6169208786686996,0.6456797918967606,0.6289198606271775,0.7573132931142085
knn,chi,34,0.634959349593496,0.6342977488813286,0.6393540840644643,0.634959349593496,0.6839785729144997
rf,chi,34,0.7116144018583044,0.704368244564706,0.7307158225694812,0.7116144018583044,0.7825811316829623
dt,chi,34,0.6447154471544715,0.6358307692296071,0.6630102826217126,0.6447154471544715,0.6465279800291241
gb,chi,34,0.6642276422764228,0.6583874631990476,0.6844284189964669,0.6642276422764228,0.7714863740378615
ab,chi,34,0.6779326364692217,0.6749359048139535,0.6958842277081937,0.6779326364692217,0.7480767630538797
svc,chi,34,0.6973286875725899,0.6938639915028084,0.7118764968568206,0.6973286875725899,0.7500520074890785
ri,chi,34,0.6636469221835075,0.6620547696127772,0.671164872758279,0.6636469221835075,0.7223372165591846
xgb,chi,34,0.7166085946573751,0.7115237495231777,0.7360255816150125,0.7166085946573751,0.8188007073018515
lr,chi,35,0.6634146341463414,0.6613911034112304,0.6760291690614502,0.6634146341463414,0.7579696276263782
nb,chi,35,0.6384436701509872,0.6261370835765627,0.6569831115929374,0.6384436701509872,0.7510900769710839
knn,chi,35,0.635075493612079,0.6348079685653201,0.643450234088064,0.635075493612079,0.684419076346994
rf,chi,35,0.6780487804878048,0.67028010887712,0.7058684209497217,0.6780487804878048,0.7915238194299979
dt,chi,35,0.6638792102206736,0.6543527963413923,0.6940557014503546,0.6638792102206736,0.6617724152277928
gb,chi,35,0.6737514518002323,0.6687209116879131,0.6897797643134802,0.6737514518002323,0.7728260869565217
ab,chi,35,0.6777003484320556,0.6745412806604205,0.6997465362099509,0.6777003484320556,0.7526742250884126
svc,chi,35,0.6685249709639953,0.6660785946374577,0.681677828344495,0.6685249709639953,0.7400582483877679
ri,chi,35,0.654006968641115,0.6515474058779681,0.6588239076497386,0.654006968641115,0.7187206157686707
xgb,chi,35,0.7311265969802555,0.725884812118341,0.7556738877559941,0.7311265969802555,0.8205564801331391
lr,chi,36,0.6634146341463414,0.6611969591888104,0.6771637865162171,0.6634146341463414,0.7560079051383399
nb,chi,36,0.6384436701509872,0.6259725914781414,0.657535999414733,0.6384436701509872,0.7524360307884336
knn,chi,36,0.6445993031358885,0.6444437518742681,0.6523323869725578,0.6445993031358885,0.6784018098606198
rf,chi,36,0.6875725900116143,0.6838374585762139,0.6988904037139332,0.6875725900116143,0.7625223632203036
dt,chi,36,0.6594657375145181,0.6506997403507295,0.693718487394958,0.6594657375145181,0.6623236946120241
gb,chi,36,0.6782810685249709,0.6728144718537762,0.6925025270194919,0.6782810685249709,0.7918400249635946
ab,chi,36,0.6922183507549361,0.6890986078646206,0.7093942847172452,0.6922183507549361,0.7582119825254836
svc,chi,36,0.6732868757259001,0.6701772882030548,0.6898326853344348,0.6732868757259001,0.7381682962346577
ri,chi,36,0.654123112659698,0.6519312731718447,0.6597341561769168,0.654123112659698,0.7196661119201164
xgb,chi,36,0.7504065040650406,0.7463507194269976,0.7728080151329435,0.7504065040650406,0.8375244435198669
lr,chi,37,0.6585365853658536,0.6565232292552714,0.6689530992811397,0.6585365853658536,0.7560318285833161
nb,chi,37,0.643321718931475,0.6299518901380797,0.6568593252832391,0.643321718931475,0.7537695028084043
knn,chi,37,0.6445993031358885,0.6443453930578151,0.6505308279374808,0.6445993031358885,0.6810120657374662
rf,chi,37,0.6973286875725899,0.6909807492120124,0.714510239597989,0.6973286875725899,0.7619466403162055
dt,chi,37,0.6304297328687573,0.6234962484463632,0.6482695241988188,0.6304297328687573,0.6320480549199086
gb,chi,37,0.6830429732868757,0.6783537113626534,0.6984123952685998,0.6830429732868757,0.7899448720615768
ab,chi,37,0.6922183507549361,0.6890986078646206,0.7093942847172452,0.6922183507549361,0.7582119825254836
svc,chi,37,0.6587688734030197,0.6561584305709521,0.6709586288448077,0.6587688734030197,0.7386467651341793
ri,chi,37,0.6492450638792102,0.6463935438092123,0.6543332806296996,0.6492450638792102,0.7173455377574371
xgb,chi,37,0.7646922183507548,0.7610206175885518,0.7839530222408351,0.7646922183507548,0.8388433534428957
lr,chi,38,0.6537746806039488,0.6518070195390618,0.6647302586297277,0.6537746806039488,0.7584512169752445
nb,chi,38,0.643205574912892,0.6311875395194672,0.6590903562001821,0.643205574912892,0.7546130642812565
knn,chi,38,0.6637630662020906,0.6635205558291208,0.6715333868371732,0.6637630662020906,0.6966091117120865
rf,chi,38,0.6925667828106852,0.6864761493393223,0.7115613327418563,0.6925667828106852,0.7851201372997713
dt,chi,38,0.6545876887340303,0.6449314009331846,0.6861970726913732,0.6545876887340303,0.657054295818598
gb,chi,38,0.6977932636469222,0.6927786736191528,0.7170074403511342,0.6977932636469222,0.7815872685666736
ab,chi,38,0.6969802555168408,0.6943891604492908,0.7126269305607285,0.6969802555168408,0.7582119825254836
svc,chi,38,0.6636469221835075,0.6610308487559058,0.6754301735602548,0.6636469221835075,0.7326596629914708
ri,chi,38,0.6493612078977933,0.6455658929097062,0.659564755788414,0.6493612078977933,0.7256802579571457
xgb,chi,38,0.7312427409988386,0.7263610946513366,0.7531131653640564,0.7312427409988386,0.8469273975452465
lr,chi,39,0.6537746806039488,0.6518070195390618,0.6647302586297277,0.6537746806039488,0.7580445184106511
nb,chi,39,0.6430894308943089,0.6299985394163636,0.6646150863527509,0.6430894308943089,0.7522175993343041
knn,chi,39,0.6348432055749129,0.6343115979417738,0.6415640043735609,0.6348432055749129,0.6947051175369252
rf,chi,39,0.7023228803716608,0.6980302447657489,0.7173933528408489,0.7023228803716608,0.7759938631162887
dt,chi,39,0.6499419279907084,0.6407099026902674,0.6888444232827791,0.6499419279907084,0.6523174537133347
gb,chi,39,0.7119628339140535,0.7079201662703487,0.7269005019071455,0.7119628339140535,0.7894570418140212
ab,chi,39,0.6969802555168408,0.6943891604492908,0.7126269305607285,0.6969802555168408,0.7582119825254836
svc,chi,39,0.6636469221835075,0.6610308487559058,0.6754301735602548,0.6636469221835075,0.731708966091117
ri,chi,39,0.6493612078977933,0.6455658929097062,0.659564755788414,0.6493612078977933,0.7228572914499689
xgb,chi,39,0.721718931475029,0.7172966278389706,0.7442441227975347,0.721718931475029,0.8242781360515915
lr,chi,40,0.6631823461091753,0.661307439393991,0.6740024937110107,0.6631823461091753,0.7608435614728521
nb,chi,40,0.6383275261324042,0.6251853152043874,0.6596264242212315,0.6383275261324042,0.7535666736009985
knn,chi,40,0.6059233449477353,0.6035213339101748,0.6143195815529813,0.6059233449477353,0.661472852090701
rf,chi,40,0.6831591173054588,0.6750502635151128,0.7184816484520883,0.6831591173054588,0.7741866028708134
dt,chi,40,0.6499419279907084,0.6410300002723458,0.685365458350612,0.6499419279907084,0.652054295818598
gb,chi,40,0.6543554006968642,0.6494785811003755,0.6688156557718055,0.6543554006968642,0.77247347618057
ab,chi,40,0.7112659698025552,0.7104248937468783,0.7220534024487971,0.7112659698025552,0.7625098814229249
svc,chi,40,0.6587688734030197,0.6561584305709521,0.6709586288448077,0.6587688734030197,0.7289244851258581
ri,chi,40,0.6492450638792102,0.6473250484867943,0.6575916335736061,0.6492450638792102,0.7201112960266279
xgb,chi,40,0.7216027874564459,0.7172293753869944,0.7420549821308173,0.7216027874564459,0.8156126482213437
lr,chi,41,0.6584204413472705,0.6564234345099861,0.6688290363521987,0.6584204413472705,0.7608706053671728
nb,chi,41,0.6479674796747967,0.6332887389034918,0.668188937348674,0.6479674796747967,0.7563209902225921
knn,chi,41,0.6061556329849013,0.6040290920180256,0.613445149433536,0.6061556329849013,0.658403890160183
rf,chi,41,0.6833914053426249,0.678324684703904,0.7020182139597938,0.6833914053426249,0.7680585604327024
dt,chi,41,0.6353077816492451,0.6307031684621202,0.6437307212131866,0.6353077816492451,0.6362637819846058
gb,chi,41,0.6973286875725901,0.6925392348730329,0.712526964282392,0.6973286875725901,0.7908175577283127
ab,chi,41,0.7017421602787457,0.7010312535411604,0.7059182577237328,0.7017421602787457,0.7612460994383191
svc,chi,41,0.6587688734030197,0.6555058811156373,0.6708204959579552,0.6587688734030197,0.7221302267526524
ri,chi,41,0.6396051103368177,0.6380593045283913,0.6452184283309996,0.6396051103368177,0.7189484085708342
xgb,chi,41,0.7648083623693379,0.7612658739080167,0.7862987845786292,0.7648083623693379,0.8277376742250884
lr,chi,42,0.6631823461091753,0.6618987355459278,0.6737651516345922,0.6631823461091753,0.759081547742875
nb,chi,42,0.6478513356562137,0.6347091247281968,0.669150233745041,0.6478513356562137,0.7544102350738505
knn,chi,42,0.6062717770034843,0.6050625887211254,0.6106041478877333,0.6062717770034843,0.6684356147285209
rf,chi,42,0.7018583042973288,0.695505253527663,0.7223913094044646,0.7018583042973288,0.7834891824422717
dt,chi,42,0.6976771196283391,0.6918079720423863,0.7274593818164868,0.6976771196283391,0.6992604535053049
gb,chi,42,0.697560975609756,0.6933397218846096,0.7144404684208563,0.697560975609756,0.7909871021427086
ab,chi,42,0.7017421602787457,0.7006765019278275,0.7075360843415595,0.7017421602787457,0.7703370085292283
svc,chi,42,0.654123112659698,0.6510520123750576,0.6649926810832734,0.654123112659698,0.7212835448304558
ri,chi,42,0.6587688734030197,0.6579479797875474,0.6660918184467886,0.6587688734030197,0.7176440607447473
xgb,chi,42,0.7502903600464575,0.7471829416105804,0.7666723161025795,0.7502903600464575,0.8245558560432702
lr,chi,43,0.6631823461091753,0.6618987355459278,0.6737651516345922,0.6631823461091753,0.7577449552735593
nb,chi,43,0.643205574912892,0.6320342525083434,0.6678894833407307,0.643205574912892,0.7543946328271272
knn,chi,43,0.6015098722415796,0.6006606183617083,0.6054910257157876,0.6015098722415796,0.6645121697524443
rf,chi,43,0.6925667828106853,0.6865774806754352,0.7190279306016821,0.6925667828106853,0.7854519450800914
dt,chi,43,0.6688734030197445,0.6625537651753278,0.6912359270294199,0.6688734030197445,0.6704992718951529
gb,chi,43,0.6829268292682926,0.6803873268363738,0.6918521751255369,0.6829268292682926,0.7889359267734555
ab,chi,43,0.7017421602787457,0.7006765019278275,0.7075360843415595,0.7017421602787457,0.7703370085292283
svc,chi,43,0.6588850174216028,0.6566384498763886,0.66974954679252,0.6588850174216028,0.7218545870605367
ri,chi,43,0.6492450638792102,0.647979741734203,0.6569486536293742,0.6492450638792102,0.7158081963802788
xgb,chi,43,0.759814169570267,0.756332462316165,0.7772325230913578,0.759814169570267,0.8297212398585396
lr,chi,44,0.6778164924506388,0.6747266271656515,0.6906378561430826,0.6778164924506388,0.7604358227584773
nb,chi,44,0.6479674796747967,0.636513020604175,0.6751495589957067,0.6479674796747967,0.7553754940711462
knn,chi,44,0.6061556329849013,0.6053976841838441,0.6143846174858949,0.6061556329849013,0.6679228208862076
rf,chi,44,0.6732868757259001,0.6668008187379442,0.6908550529749447,0.6732868757259001,0.7689567297690868
dt,chi,44,0.6835075493612079,0.677096501249735,0.7082093910899336,0.6835075493612079,0.684590180986062
gb,chi,44,0.6880371660859466,0.6824029820131289,0.7102200001231564,0.6880371660859466,0.7883596837944664
ab,chi,44,0.7354239256678281,0.7341938472744411,0.7414907055091626,0.7354239256678281,0.7809600582483878
svc,chi,44,0.678397212543554,0.6753267160328986,0.6915328826807949,0.678397212543554,0.7504971915955898
ri,chi,44,0.6635307781649245,0.6624471486088944,0.6712254254110592,0.6635307781649245,0.7146255460786353
xgb,chi,44,0.7455284552845528,0.7417263886095034,0.7652547876301854,0.7455284552845528,0.8193176617432909
lr,chi,45,0.6491289198606272,0.6473919683377767,0.6581521161765065,0.6491289198606272,0.7544903266070315
nb,chi,45,0.6574912891986062,0.6460531101442646,0.6847169557484583,0.6574912891986062,0.7558029956313709
knn,chi,45,0.6155632984901277,0.6142577596349577,0.6258874823642194,0.6155632984901277,0.662933742458914
rf,chi,45,0.6829268292682926,0.6773941741115997,0.697864684052725,0.6829268292682926,0.759298418972332
dt,chi,45,0.6404181184668989,0.6317022724339797,0.6726709689319847,0.6404181184668989,0.6417318493863116
gb,chi,45,0.6786295005807201,0.6736841877009395,0.6966017253002115,0.6786295005807201,0.7871395881006864
ab,chi,45,0.7211382113821138,0.71991068668385,0.727986273433302,0.7211382113821138,0.7777563969211567
svc,chi,45,0.6543554006968642,0.6513299966494237,0.6682173652905361,0.6543554006968642,0.7408165175785313
ri,chi,45,0.6443670150987224,0.6424996746181706,0.6514778274924911,0.6443670150987224,0.699035781152486
xgb,chi,45,0.740650406504065,0.7345195145817875,0.7620825329582912,0.740650406504065,0.8057218639484086
lr,chi,46,0.6585365853658536,0.656086576350633,0.6681469272442491,0.6585365853658536,0.7548907842729353
nb,chi,46,0.6576074332171893,0.6447301062972352,0.6845486450462597,0.6576074332171893,0.7562606615352611
knn,chi,46,0.6205574912891987,0.6193907395209004,0.629772501242502,0.6205574912891987,0.6530575202829207
rf,chi,46,0.6637630662020906,0.6589486663644595,0.6800804039655859,0.6637630662020906,0.7743805908050758
dt,chi,46,0.6643437862950059,0.6572144492683515,0.6937003473476112,0.6643437862950059,0.6647160391096317
gb,chi,46,0.6930313588850174,0.6873445718150675,0.7162824924955484,0.6930313588850174,0.7981849386311628
ab,chi,46,0.7306620209059232,0.7294186224992163,0.7361464465934752,0.7306620209059232,0.7777563969211567
svc,chi,46,0.678397212543554,0.6756324860383464,0.6932707259662572,0.678397212543554,0.7335094653630123
ri,chi,46,0.6636469221835075,0.6620313708707413,0.6724986468476248,0.6636469221835075,0.6928364884543374
xgb,chi,46,0.7360046457607433,0.729444905575017,0.7602160787120136,0.7360046457607433,0.8099500728104847
lr,chi,47,0.6586527293844366,0.6557086537711668,0.669298113036789,0.6586527293844366,0.7462273767422508
nb,chi,47,0.6429732868757259,0.6340997691850669,0.6711395727772034,0.6429732868757259,0.7500644892864573
knn,chi,47,0.6058072009291522,0.6047245399712786,0.6146093722041661,0.6058072009291522,0.6461743291033908
rf,chi,47,0.6687572590011615,0.6633314047061873,0.6869257441517045,0.6687572590011615,0.7672352818805909
dt,chi,47,0.6642276422764228,0.6568493375236354,0.6916672517952627,0.6642276422764228,0.663543790305804
gb,chi,47,0.6786295005807201,0.6748566214226076,0.6941515774985819,0.6786295005807201,0.7938152693987933
ab,chi,47,0.7306620209059232,0.728631377707395,0.7372962227432515,0.7306620209059232,0.7754836696484293
svc,chi,47,0.6641114982578398,0.660746482397078,0.6765380362573771,0.6641114982578398,0.7253962970667776
ri,chi,47,0.6349593495934959,0.6330054770505181,0.6435581391298468,0.6349593495934959,0.6723330559600583
xgb,chi,47,0.7311265969802555,0.7235592671221012,0.758234470436953,0.7311265969802555,0.80335552319534
lr,chi,48,0.6538908246225319,0.6515796007059436,0.6635435149012385,0.6538908246225319,0.7452943623881839
nb,chi,48,0.6524970963995353,0.6440613755296098,0.6789132276937155,0.6524970963995353,0.7467869773247348
knn,chi,48,0.5770034843205575,0.5769872781784297,0.582245329413382,0.5770034843205575,0.6417760557520282
rf,chi,48,0.6832752613240418,0.6790789097978671,0.7021021263417234,0.6832752613240418,0.7633648845433744
dt,chi,48,0.6595818815331009,0.6484360681581197,0.6902245906905239,0.6595818815331009,0.6612897857291451
gb,chi,48,0.6639953542392567,0.6597392859221001,0.6804994724176934,0.6639953542392567,0.7761836904514251
ab,chi,48,0.7257839721254354,0.7240608899343621,0.7326261044308151,0.7257839721254354,0.776919076346994
svc,chi,48,0.659233449477352,0.6557811697743632,0.6713347842248567,0.659233449477352,0.7202257125026004
ri,chi,48,0.6397212543554007,0.6363182958401871,0.6481192680301415,0.6397212543554007,0.6685323486582068
xgb,chi,48,0.740650406504065,0.7376965260718329,0.751164370881046,0.740650406504065,0.8124807572290409
lr,chi,49,0.6634146341463414,0.6597491550305205,0.6749263463939399,0.6634146341463414,0.7338839192843769
nb,chi,49,0.6478513356562137,0.6377631608520606,0.6753720518204478,0.6478513356562137,0.7481984605783232
knn,chi,49,0.5436701509872242,0.5433102869064299,0.5485907788799496,0.5436701509872242,0.6280908050759308
rf,chi,49,0.6686411149825784,0.6642509921378205,0.6822964769136087,0.6686411149825784,0.7621879550655295
dt,chi,49,0.6644599303135889,0.6549979608107275,0.6862583210242071,0.6644599303135889,0.6664083628042438
gb,chi,49,0.7118466898954704,0.7063537006632263,0.7284396174125762,0.7118466898954704,0.7798221343873518
ab,chi,49,0.7210220673635307,0.7192257250991971,0.7303291069965179,0.7210220673635307,0.7459631786977325
svc,chi,49,0.659233449477352,0.6548457700125496,0.6725046798511896,0.659233449477352,0.7105866444768048
ri,chi,49,0.6012775842044135,0.5978612248083324,0.614297498583896,0.6012775842044135,0.6561035989182443
xgb,chi,49,0.7408826945412311,0.7358765644190535,0.7577706186304152,0.7408826945412311,0.8146047430830039
lr,chi,50,0.6634146341463414,0.6597491550305205,0.6749263463939399,0.6634146341463414,0.7334085708342002
nb,chi,50,0.6429732868757259,0.6310448637771332,0.6669896576516785,0.6429732868757259,0.7481745371333473
knn,chi,50,0.5530778164924507,0.5529540218819856,0.5577608043696116,0.5530778164924507,0.6166689203245268
rf,chi,50,0.7067363530778166,0.7031845611130307,0.7139468573094987,0.7067363530778166,0.7806334512169752
dt,chi,50,0.6598141695702671,0.6532230665941666,0.6729587579697811,0.6598141695702671,0.6566403162055335
gb,chi,50,0.7024390243902439,0.6936018118996594,0.7283373244393483,0.7024390243902439,0.794370709382151
ab,chi,50,0.7210220673635307,0.7192257250991971,0.7303291069965179,0.7210220673635307,0.7459631786977325
svc,chi,50,0.6688734030197445,0.6656015081955626,0.6816348260076482,0.6688734030197445,0.7119201164967756
ri,chi,50,0.6110336817653891,0.6076762360019226,0.6242209801716532,0.6110336817653891,0.6608643644684834
xgb,chi,50,0.7169570267131242,0.7119603886244421,0.7359577210942316,0.7169570267131242,0.81188995215311
lr,chi,51,0.6586527293844366,0.6547782400181351,0.6679566948793244,0.6586527293844366,0.7381100478468899
nb,chi,51,0.6379790940766551,0.6254790268524112,0.6590258988378891,0.6379790940766551,0.7471458289993759
knn,chi,51,0.5529616724738676,0.5519693015791693,0.557828713707209,0.5529616724738676,0.6102548366964842
rf,chi,51,0.7025551684088269,0.6974255772771462,0.7247628939639152,0.7025551684088269,0.7718233825670897
dt,chi,51,0.6691056910569106,0.6607267941677054,0.6863354448461284,0.6691056910569106,0.6693207821926357
gb,chi,51,0.7220673635307782,0.7175541585328828,0.7375053460275842,0.7220673635307782,0.8007073018514665
ab,chi,51,0.7210220673635307,0.7192257250991971,0.7303291069965179,0.7210220673635307,0.7430923653006033
svc,chi,51,0.6591173054587689,0.6556813441290572,0.670915626507961,0.6591173054587689,0.7091928437695028
ri,chi,51,0.6205574912891986,0.6173152251307077,0.6337031719087468,0.6205574912891986,0.6585261077595174
xgb,chi,51,0.7121951219512195,0.7060226613489379,0.7353250642650309,0.7121951219512195,0.8143270230913252
lr,chi,52,0.6636469221835075,0.6590745929669708,0.6798077133178302,0.6636469221835075,0.7478624921988766
nb,chi,52,0.6475029036004646,0.635440633196954,0.6667995537544011,0.6475029036004646,0.7466673600998545
knn,chi,52,0.5387921022067363,0.5368353005789195,0.5465563503901806,0.5387921022067363,0.6193239026419805
rf,chi,52,0.6687572590011615,0.6614471550621576,0.6796818514533534,0.6687572590011615,0.7527153110047848
dt,chi,52,0.6594657375145181,0.6483514112064434,0.6791638395907171,0.6594657375145181,0.660038485541918
gb,chi,52,0.721835075493612,0.7153371971422041,0.7447844921564283,0.721835075493612,0.8029644268774703
ab,chi,52,0.7259001161440185,0.7237962128722301,0.7349992253089542,0.7259001161440185,0.744527771999168
svc,chi,52,0.6542392566782811,0.6492097612573234,0.6707849796402471,0.6542392566782811,0.7345017682546287
ri,chi,52,0.6206736353077816,0.617767874703804,0.6348460425021463,0.6206736353077816,0.6636966923236947
xgb,chi,52,0.7170731707317073,0.7098938649778221,0.7424112636924689,0.7170731707317073,0.8153630122737674
lr,chi,53,0.6587688734030197,0.6535921477469296,0.6756865272371544,0.6587688734030197,0.7359912627418348
nb,chi,53,0.6332171893147504,0.6207578221312064,0.654144129196394,0.6332171893147504,0.740515914291658
knn,chi,53,0.5577235772357724,0.557229644370881,0.5627067213557299,0.5577235772357724,0.6278812148949449
rf,chi,53,0.6929152148664344,0.6845774422457231,0.72759282700171,0.6929152148664344,0.7788979613064282
dt,chi,53,0.6740998838559815,0.6634699598321205,0.6882689324066655,0.6740998838559815,0.6738599958394008
gb,chi,53,0.7268292682926829,0.7195691268293531,0.7543092784976566,0.7268292682926829,0.7917651341793218
ab,chi,53,0.7259001161440185,0.7237962128722301,0.7349992253089542,0.7259001161440185,0.744527771999168
svc,chi,53,0.6543554006968642,0.6490163392183017,0.6690984420982371,0.6543554006968642,0.7267110463906802
ri,chi,53,0.6159117305458769,0.6130575840491005,0.629432725660258,0.6159117305458769,0.6520386935718744
xgb,chi,53,0.721835075493612,0.7139191479641432,0.7466394802018925,0.721835075493612,0.814460162263366
lr,chi,54,0.654006968641115,0.6488759380307199,0.6714636865857422,0.654006968641115,0.7287268566673601
nb,chi,54,0.6332171893147504,0.6207578221312064,0.654144129196394,0.6332171893147504,0.7391397961306427
knn,chi,54,0.5337979094076655,0.5331704659315308,0.5382182615455484,0.5337979094076655,0.6242562929061786
rf,chi,54,0.6832752613240418,0.6796639422722199,0.6930279103966335,0.6832752613240418,0.7710401497815684
dt,chi,54,0.6495934959349592,0.6416565139412326,0.6702206368414583,0.6495934959349592,0.6489796130642812
gb,chi,54,0.745876887340302,0.7397813107331412,0.7741510153449508,0.745876887340302,0.787656542542126
ab,chi,54,0.7211382113821138,0.7191234418920286,0.7291360495830782,0.7211382113821138,0.7394934470563761
svc,chi,54,0.6400696864111498,0.6355457917161558,0.6534618182179157,0.6400696864111498,0.7186696484293739
ri,chi,54,0.6111498257839721,0.6087122997038161,0.6244716301109271,0.6111498257839721,0.6408061160807156
xgb,chi,54,0.7313588850174215,0.7268124005540378,0.7468896477494443,0.7313588850174215,0.7979092989390473
lr,chi,55,0.654006968641115,0.6488759380307199,0.6714636865857422,0.654006968641115,0.729612024131475
nb,chi,55,0.6332171893147504,0.6200832365466512,0.6566346381401049,0.6332171893147504,0.7400488870397337
knn,chi,55,0.5433217189314751,0.5432806633714178,0.5473544741518493,0.5433217189314751,0.6202277928021636
rf,chi,55,0.6831591173054588,0.679656693283737,0.6916997141815328,0.6831591173054588,0.7589333263990016
dt,chi,55,0.659233449477352,0.652279888358452,0.6713427139138252,0.659233449477352,0.6567724152277928
gb,chi,55,0.7315911730545877,0.723888127823024,0.7582066606873211,0.7315911730545877,0.7929737882255045
ab,chi,55,0.7211382113821138,0.7191234418920286,0.7291360495830782,0.7211382113821138,0.7394934470563761
svc,chi,55,0.6497096399535424,0.6456020649672762,0.6627928367928367,0.6497096399535424,0.7196089036821303
ri,chi,55,0.6159117305458769,0.6130575840491005,0.629432725660258,0.6159117305458769,0.6415872685666735
xgb,chi,55,0.7267131242740998,0.7221643244178273,0.7410659719130704,0.7267131242740998,0.8048627002288329
lr,chi,56,0.6444831591173055,0.6383842669915533,0.662601253131095,0.6444831591173055,0.7171177449552737
nb,chi,56,0.6234610917537747,0.6139470521563769,0.6480090447686266,0.6234610917537747,0.7353838152693987
knn,chi,56,0.5236933797909408,0.5226978906716612,0.5263347945145078,0.5236933797909408,0.6048413771583109
rf,chi,56,0.6637630662020906,0.6596101259319495,0.6719913791295969,0.6637630662020906,0.7523242146869149
dt,chi,56,0.659349593495935,0.6520635687708858,0.6770322426656716,0.659349593495935,0.6570366132723112
gb,chi,56,0.7268292682926829,0.7224060915452594,0.7524758813260555,0.7268292682926829,0.7922082379862699
ab,chi,56,0.6925667828106852,0.6885542653274286,0.6980920935391222,0.6925667828106852,0.7181298106927396
svc,chi,56,0.6353077816492451,0.628198941894174,0.6481694094772312,0.6353077816492451,0.7089411275223632
ri,chi,56,0.5869918699186992,0.5818562521308352,0.6046215472451947,0.5869918699186992,0.6145475348450177
xgb,chi,56,0.7313588850174216,0.7258619094440348,0.7565012789243363,0.7313588850174216,0.809537133347202
lr,chi,57,0.6587688734030197,0.6529038647333136,0.6766872111349423,0.6587688734030197,0.7135073850634491
nb,chi,57,0.6234610917537747,0.6144496735456217,0.6461496343377877,0.6234610917537747,0.7335177865612648
knn,chi,57,0.5428571428571429,0.5410142216524368,0.5458668062786127,0.5428571428571429,0.5989790929893904
rf,chi,57,0.673170731707317,0.6694895487740585,0.6874001659715946,0.673170731707317,0.7568400249635948
dt,chi,57,0.6449477351916376,0.6381313788520442,0.657959299876397,0.6449477351916376,0.6433336800499272
gb,chi,57,0.721835075493612,0.7150505327818149,0.7501031150421393,0.721835075493612,0.7877730393176618
ab,chi,57,0.6829268292682926,0.6809508524801133,0.6899897909117545,0.6829268292682926,0.7162398585396297
svc,chi,57,0.6497096399535424,0.6446438939851167,0.6643416437281984,0.6497096399535424,0.7020116496775536
ri,chi,57,0.5773519163763067,0.5725239271912204,0.5958844715800689,0.5773519163763067,0.6136706885791554
xgb,chi,57,0.7264808362369338,0.7223421168056232,0.7451277063394823,0.7264808362369338,0.8200655294362388
lr,chi,58,0.6635307781649245,0.6585176800534921,0.6800004049653774,0.6635307781649245,0.7143977532764717
nb,chi,58,0.6282229965156795,0.6191656609048308,0.6512475522928485,0.6282229965156795,0.7303775743707094
knn,chi,58,0.537746806039489,0.5348903073642095,0.5390909184392656,0.537746806039489,0.5885359891824422
rf,chi,58,0.7310104529616724,0.7254045696978406,0.7499717217880313,0.7310104529616724,0.7721598710214271
dt,chi,58,0.6358885017421603,0.6265050266295824,0.6509184149713949,0.6358885017421603,0.6350925733305596
gb,chi,58,0.7173054587688734,0.7136913801522,0.7386838352146816,0.7173054587688734,0.7795319325982941
ab,chi,58,0.6829268292682926,0.6809508524801133,0.6899897909117545,0.6829268292682926,0.7162398585396297
svc,chi,58,0.6400696864111498,0.6351712415303828,0.6540012112867206,0.6400696864111498,0.6968909923028915
ri,chi,58,0.5724738675958189,0.5678919781690275,0.5913834700483145,0.5724738675958189,0.6136436446848346
xgb,chi,58,0.7217189314750291,0.7174910782620151,0.7412927236257809,0.7217189314750291,0.8082005408778864
lr,chi,59,0.6491289198606272,0.6452234459789322,0.6640075133280707,0.6491289198606272,0.7137788641564387
nb,chi,59,0.6234610917537747,0.6137795886877223,0.6495970020512554,0.6234610917537747,0.7308081963802787
knn,chi,59,0.5425087108013937,0.5396170988181705,0.5439104725004018,0.5425087108013937,0.5810994383191179
rf,chi,59,0.6736353077816493,0.667081939990351,0.6875860110982062,0.6736353077816493,0.7433466819221968
dt,chi,59,0.6452961672473868,0.6348756144669881,0.6593594434721433,0.6452961672473868,0.6425442063657167
gb,chi,59,0.6930313588850174,0.686603421418794,0.7196092231963874,0.6930313588850174,0.7670012481797379
ab,chi,59,0.6780487804878048,0.676713560593311,0.6859862382711861,0.6780487804878048,0.713847514042022
svc,chi,59,0.6253193960511033,0.6210543024661012,0.6401709120208813,0.6253193960511033,0.6913438735177865
ri,chi,59,0.5772357723577236,0.5718680807640848,0.5960575720839595,0.5772357723577236,0.614908466819222
xgb,chi,59,0.7312427409988386,0.7261603718133216,0.7563640311724458,0.7312427409988386,0.8029914707717912
